-3923
-1323
1754
518
-130
-4080
-2931
-204
-3253
-4815
67
4546
-674
-4709
-1965
1360
3402
3097
3325
1414
532
327
47
-346
3192
5569
2039
-1576
-1409
-495
-1514
-109
188
257
-5191
-475
-64
-1004
-2146
-727
2957
-1014
-2137
-523
838
743
-3267
-4812
-5264
160
1345
-1787
-759
-1790
-363
1973
3489
2898
2358
426
1098
-1083
-159
2641
2305
1427
-682
3773
1005
-3557
-2211
-1458
303
-238
689
-963
-2069
-2054
-2362
-1794
829
-1706
-4752
-3026
157
-154
-3943
-3397
-2085
-303
547
-285
-3707
-2991
1504
2323
2937
1063
2571
1631
-1683
-1753
138
2494
1788
1369
50
1045
1125
-256
-1663
-2891
1368
1824
-935
-1909
-2499
-980
-343
-1919
-1300
-1815
-655
-2170
-2481
-1391
-1825
-956
-2286
-722
-1802
-3012
-1158
1148
-115
-956
3756
2865
3026
136
-1401
2290
787
-199
2622
1963
3240
1842
1391
41
-2816
-2052
1390
2629
-1768
-3198
-269
-1450
-2974
-2161
-755
3540
419
-3296
-3035
-1066
620
-778
-2603
-1473
-2473
-1387
2288
-14
773
1654
1722
1868
-1040
1051
3571
1228
-675
277
1728
1538
-771
1921
3930
707
-482
-850
-1627
-2588
-195
1263
-705
-3632
-2353
-1047
-1438
-1323
808
-3876
-2316
31
-746
-2513
-2317
-658
-1982
-1168
-537
2895
1229
1110
607
781
2273
1339
1119
-192
-184
928
237
912
1913
3013
1910
-1829
-1577
-1493
465
-751
-701
160
-2016
207
-180
-2086
-1872
-188
-919
-2561
-3029
883
1265
-3129
-4980
-880
3839
-1924
-3480
-938
1683
1436
-2016
904
4227
3105
1453
310
2231
-189
923
2618
4092
3823
-1239
1338
-1607
-3442
454
850
-1443
58
10
-1729
-2192
-1275
-1453
977
2013
1792
1265
-640
-1498
-2183
-1035
1608
-726
-1738
-360
-464
1522
-330
1615
2483
1574
2146
2835
2022
2435
2418
629
1331
902
1457
1753
2604
1390
-2331
-3363
-1742
-1223
-93
1483
1638
-873
-1269
744
795
-868
-827
-252
-3285
-2170
-558
98
-85
-930
-913
583
-382
2976
1632
-496
1224
3019
3283
379
843
2304
3257
2143
391
-1389
-156
117
2915
3787
-826
-3472
-2243
-1729
-2949
727
4145
2138
1298
809
-1198
-2314
-2844
-339
677
-1411
-1075
2206
191
-1758
-1569
-278
-705
-560
673
-121
1384
645
489
2217
2874
1829
3927
3537
40
937
-751
-741
3618
1880
-862
-2390
-1574
-1530
-230
-473
-430
1637
-12
681
-1535
-2975
-2019
-1421
3891
6193
595
-869
-334
-1069
-3083
-2094
-217
1965
1622
-572
1606
-135
558
2884
3153
1081
1004
3814
708
-647
-858
-3800
3642
5022
1249
-2472
-2967
-640
733
-1350
-710
1438
1216
1681
-2157
-4175
-1685
1186
2816
1039
3174
2780
-984
-6102
-4158
1215
-155
2129
3293
1257
-106
-2441
1581
3123
1186
1623
852
1682
2043
-1165
814
-391
-1172
2289
2133
1302
612
-2865
-691
411
-890
1012
777
-2054
-363
78
768
1907
3230
1375
1997
-495
-843
-2608
-5478
-509
2010
-581
-418
1073
942
-1783
-3264
1584
3370
4263
1939
-791
1309
3198
378
-1251
311
1340
1214
1533
478
264
-2219
-3721
694
179
-449
-541
-595
-1900
1238
2988
2807
2018
1353
1969
-2694
-3423
-2685
-3629
-452
1435
1690
-390
-157
566
-2993
-51
2296
1701
847
-237
1655
-250
-1050
-284
-1880
1168
1912
630
-372
-2501
-1564
-1836
-3639
-285
-900
1164
-13
-1575
-45
2658
2349
-1070
-2020
-2411
96
-1606
-2191
-3452
-935
472
-1020
17
-82
-3299
-2323
-2218
1988
3626
-371
2474
-1158
-555
-687
-3817
-750
-592
1706
1827
-456
-759
-1628
-242
-3308
-987
546
2009
-816
-2356
784
2221
1385
-1619
-2952
128
589
-2626
-2961
661
507
-1985
-4263
112
-83
-3891
-1516
-1014
-2011
2559
4664
2894
-1678
-1667
-130
-1060
-272
945
2246
-595
-1292
63
732
1504
-4481
-1549
2072
3418
1813
-3789
-396
-602
341
990
171
1468
-775
-1989
-1235
-370
1076
-1160
-4094
-658
-644
-846
-522
-629
-137
-186
1514
1714
1555
-739
-1865
441
159
578
-1345
-1194
8
-1537
1554
686
-1149
-632
-924
2814
2419
1355
-3135
-904
2122
870
-1481
25
-464
-2087
-2859
2191
1527
-2831
-5974
-3912
247
-637
-969
-1977
1713
94
-1446
473
972
-85
-659
1119
57
-997
-1625
-2892
792
2402
-470
2085
2946
-997
-88
2109
-276
-4048
-1070
3165
2909
1163
1404
-74
-3365
-2181
-419
2799
-480
-1893
-2197
-2777
-1598
-1304
-3766
-3984
1210
669
400
547
2619
2277
-169
738
-8
226
-3625
-1182
3586
3511
877
1031
3015
1413
477
-302
-481
-3821
-298
2456
276
2871
4036
1521
-948
-4231
134
4096
-1564
-1616
-555
-1363
-2308
-3954
565
-466
-1604
1509
-1905
-506
3225
2770
2265
214
-159
-1984
-957
-1496
397
4646
1480
1841
2880
3660
787
-2603
-876
-588
-621
1696
2683
1002
1647
1074
-1989
-1610
335
-38
-1953
-2567
133
94
-3776
-4121
-2616
-2031
-219
1467
187
902
1295
580
1445
771
-2520
-901
137
-1291
-247
1726
3711
2799
3073
1024
1922
-1413
-975
2856
1235
-1517
-1192
1981
1455
2519
-1007
-621
-660
-1406
-1933
-681
-116
-3487
-2290
-1758
-2020
-2948
50
886
-376
-185
-1152
3028
1278
-838
2054
-917
-2934
-321
1781
1937
3386
4178
2979
1154
-1524
521
2633
108
-1427
359
630
-56
801
-492
-889
710
-738
-243
215
-1308
-2475
-1215
-558
718
-2093
-2179
497
-158
-1145
-2310
638
-2843
2038
3438
3342
1287
-4569
-176
2986
1963
466
469
1302
1994
3695
2897
1814
-1309
-317
-458
15
102
1121
1706
-1594
-1255
-1379
1793
-309
-1250
-1845
-3551
-440
-1850
-2734
-1935
1040
263
-1601
-3811
-1444
4054
2906
64
1938
3524
-881
-572
-264
-410
320
630
975
3618
4257
3493
1517
791
1501
-1249
-924
-722
2259
1123
-972
810
1050
-418
-2007
412
-136
-2628
-2164
-701
-1839
-204
-1130
-365
-112
-2578
-819
1638
1658
-174
3979
3121
1081
1161
-2905
-447
992
1603
2622
4021
5131
3567
2163
714
481
-2297
-1667
627
2611
449
25
-75
-1481
477
-2051
-2217
973
1244
-1600
-1767
-146
-116
-1254
-3428
-900
1484
1820
-305
-1564
-307
4141
2018
556
2448
-774
-1656
-1572
-317
4273
-6
1584
5000
2148
1815
-923
872
562
-2421
-591
2242
2851
-1459
-662
1675
-2382
-3075
-2329
1150
-2175
-2809
-1318
-470
-2501
-3271
444
535
1975
-1922
-477
1696
585
2537
3250
-1473
-2447
-1025
1721
2360
-2204
-788
1008
2854
2341
1426
1376
1777
2163
-3088
-115
1475
1470
-143
223
537
-43
-3364
-1383
-181
-2553
-1051
-1309
-797
-2317
-2124
1130
-115
-2980
-1338
1029
1797
660
1836
2836
1978
-1482
-293
909
524
818
-487
1701
1821
2355
2295
270
1928
-722
-873
49
-1080
-1076
-2188
2123
2449
-447
-1201
-1532
-1828
25
-1234
-1063
89
-1164
658
247
-366
-3388
-1022
145
-1698
-2864
1682
4798
4003
1601
-2577
-1843
693
-536
-260
-281
-629
4827
2068
1923
-958
-1057
-22
2963
-1908
-4419
-846
1033
786
944
619
59
-2826
-5892
-736
-2425
-1910
1697
415
-1908
-5650
165
462
-2222
-2186
-2384
1705
2757
3448
1900
-897
-657
-2148
-951
-2740
-599
-203
658
1805
773
697
-2968
2246
2233
-1035
-1152
-4223
-2221
1262
2492
169
842
-1607
-5312
-2792
-1287
2483
-800
-971
605
-1602
-4768
-2681
-860
-3262
-1126
1443
3586
510
-539
2672
2549
-2439
-4428
-159
-711
-213
1003
1954
3477
1008
-1345
-1464
-224
-823
-2336
1418
1763
-1634
-1995
1861
2118
-1221
-4801
-3454
2807
192
-2438
2224
2633
-1423
-3011
-1313
-970
-2521
-2435
3
731
1912
1162
3608
761
-1803
-82
1042
-3122
-1452
-123
-8
3077
3694
-233
1071
-805
245
-387
-42
1700
-60
-2234
235
2575
175
-1195
-2272
-4801
-3897
1524
3284
2253
-513
-2381
-1020
-2840
-2239
-1234
-499
-153
2534
1527
-808
1054
1552
1278
-2285
-136
-1651
-2506
-1452
-63
2094
2266
1861
2797
1437
477
519
-1522
-177
-418
1780
1890
461
-1729
-3748
257
-827
-1373
1714
1584
1876
-538
-1676
-2658
-2684
-1635
216
-980
-172
-368
-144
1366
2148
1697
-1533
177
1405
-753
-4138
-629
3069
3310
1789
2177
1646
-787
-2316
-650
1635
2420
1385
1415
6
-1196
773
342
-1487
-4168
1023
3888
2064
-1235
-391
-244
-1523
-1285
-3000
361
-1119
-734
714
-1954
738
4184
1927
1815
-452
-4406
-2457
-243
1939
991
5062
3912
1921
-2486
-3647
3083
2068
3367
3361
-2102
255
1622
-1301
-1951
607
-971
-1177
2234
1377
1341
632
-1810
-2265
-1650
-540
-1
-1319
-756
-2349
285
2476
3522
4137
16
-2895
-1425
-2781
-1866
1344
1086
718
4243
3707
-169
1222
779
2401
4100
-165
665
968
-230
-876
-1309
-88
2454
596
-453
1069
1850
-978
-441
-1842
-4314
-3881
2436
190
-3843
-3445
73
3709
1440
3696
1756
-493
-2109
-1092
-1230
-620
2274
642
-789
2374
3244
566
1470
459
1760
1265
-439
1832
1045
1280
-1847
1104
2770
-719
1427
1485
-579
-446
-60
-3370
-1943
-1546
-2272
-1310
-2429
-2305
-860
-1126
522
1757
3361
2404
-730
-1998
-2068
16
1078
-133
-1713
2093
4720
-432
-2743
2122
3648
548
-112
1122
-227
-1492
-1236
1761
-112
736
1746
550
-2567
-932
226
-2681
-3548
-2892
-1549
-1457
403
-1983
-4658
2229
737
246
1651
383
872
-664
-3845
-763
1342
112
-1832
2390
3324
3642
1020
-778
1152
1247
1740
2008
1959
-1916
-2692
-157
-262
2119
1487
990
-1408
113
-68
-1114
-2962
-7350
-2069
-3177
-1367
1363
-1340
-2154
609
2381
2131
928
-1612
-773
-1450
150
2579
1935
-871
-1920
2972
2339
-259
574
3234
339
1039
4718
1605
-1483
-1640
1385
1631
-2340
1740
1559
-1602
-1587
-969
-388
-3527
-439
-1123
-5057
-1213
92
-2791
-3428
1078
2747
248
-2948
-2147
2492
2584
-1309
502
1192
609
-683
-972
1720
-318
145
709
3528
5243
2643
-781
-959
512
-2333
-584
586
-1159
-605
-1897
-3856
707
-3097
-1838
713
-2070
-2516
-2854
-246
-2099
-3615
-2228
2677
1613
-653
-263
-761
580
-2575
-1208
1861
265
850
-427
811
248
-1299
4245
4929
1868
2411
3145
-565
-4396
-127
296
105
1071
-1457
-780
-1056
834
-2155
-4728
94
-1110
-3795
-4068
-838
-800
-3464
-3696
1693
2690
902
158
1742
4334
-3032
-3181
-323
2212
256
1047
2887
-925
2639
4733
2038
1666
4784
1514
-516
-548
100
604
-2775
298
2477
-471
-3682
164
1626
-1205
-1938
-1665
-2516
-1048
-1392
-1717
-2097
-38
-118
2485
-1805
1054
4022
-2800
-1979
-2301
335
3578
2655
3652
-230
-505
1850
4525
3692
1150
1550
1115
1239
2245
-1278
-3055
-4029
896
4213
-704
-2751
-1600
662
-677
-2115
-1128
-1722
-1896
-161
-1083
-3438
-918
1386
628
1718
69
-110
-2417
-3394
-1665
2533
2929
335
2413
6796
1788
-1914
1428
3280
3273
533
3047
2155
703
-2526
-2644
1175
-2027
-1218
3413
1468
-4534
-1334
1659
-2236
-3136
-2770
-2087
-2500
-1664
-2290
-919
642
2196
2253
-2709
159
1644
-3825
1145
3165
1113
-564
3774
2388
1938
879
593
3497
422
3241
2437
-1463
-252
1290
-492
-4423
-442
3014
501
2250
-954
-769
-1256
-4248
-3640
-1366
-1137
-995
-560
-2744
-80
-109
634
365
-3228
-1862
1345
-421
-187
1365
-420
5252
4826
2273
-1731
-2521
1497
2163
2767
1603
1046
1339
1381
-2823
-1129
735
-1372
765
1836
118
2052
-1897
-6339
-4708
-628
432
-995
-3235
2139
-1139
-4172
-798
1884
-212
-2706
928
-1376
-880
-811
440
1921
2558
4261
1126
294
-531
1545
2881
4806
3502
-59
-878
-887
2916
-788
-711
1688
859
-361
808
-1188
-1607
-4113
-4979
-1573
-1692
909
1572
-2315
-4793
-2086
-1275
-1276
611
578
-1670
-2264
2391
2265
2142
3338
4222
539
864
907
291
944
3109
2265
396
486
-1756
2408
1072
-556
-20
-248
1537
105
-1126
125
1957
-3685
-4167
-1356
-1780
425
-1910
-1794
-1061
-4075
-1588
-878
64
111
-1360
-817
42
2128
792
923
3074
2221
-1069
415
2775
-451
-502
2270
749
572
671
1238
1803
2204
-738
933
-640
-2819
-464
-35
-1611
-3693
-1111
-1837
-2850
-1540
112
442
335
383
-3793
-2880
-889
588
-1307
-1324
2203
110
-2721
113
4201
1020
870
1108
602
3773
1681
2791
3164
540
-565
1908
3663
3614
-1009
-4033
-616
-2171
2112
3620
-133
-5011
-5060
-2468
-1804
-522
240
533
-802
-89
-1398
-1575
-943
-1432
-957
3954
341
-1447
2019
2562
4390
-141
612
1425
522
-210
-154
636
2273
1519
2790
3039
2328
577
-827
-1849
-2834
1032
4484
2662
-2154
-4659
-1261
-390
-1489
-3804
-725
1992
-363
-318
-1396
-1045
-2579
-2695
3140
-2152
-1883
820
1367
3495
1745
448
-734
1773
-747
1050
1466
395
1899
852
2428
2587
-1145
455
379
26
-1901
-336
2812
-936
-2601
-581
1385
-3350
-1992
-2511
-1167
2484
-2720
673
-1138
-2550
-2442
-917
482
-1494
-1902
-1586
2168
3235
1358
-1171
819
2566
1304
1321
-87
1415
2178
1694
2902
1626
148
-989
954
2992
2542
-1175
-1478
-2041
734
1805
-2556
-2574
-2672
-463
2148
-2135
-2729
1006
-472
-209
-2609
-1182
250
-1274
1934
1229
2878
3004
970
1050
651
395
-402
830
2000
659
2119
1839
1843
1627
-463
1095
3632
1345
-58
-113
-2833
1306
2758
461
71
-1403
-2436
-459
974
-742
-956
-2206
-1072
-2113
-1261
-1649
-3382
-497
-493
1228
2798
2278
2372
-1077
-2258
-452
3136
2601
-411
3292
2574
1114
-997
-1505
-1583
1852
1783
-438
-2536
198
3624
-328
-1703
3405
2426
-1481
-2869
-3594
-1584
-2492
-1233
-947
-842
-2113
-2036
-2796
-2324
657
-1582
778
3703
749
772
-434
-3261
-545
3994
2145
-325
-779
1765
2313
-1135
1099
3756
19
-570
-1029
-405
-457
-3332
1514
4411
-288
-1538
-1221
-968
-3453
-5166
-2153
-2731
-2738
1666
743
-2756
-2729
-1438
-172
-40
1399
1041
1498
-2506
-3822
1846
2396
1333
242
-309
226
-2002
-494
1090
1146
1343
-2304
1150
1517
1199
21
1096
3195
825
-76
-1142
-1812
-595
-2419
-3660
-854
-2475
-4735
-805
1690
-3004
-4774
-2976
-1340
-950
-599
2765
258
-2423
1276
1776
316
1009
2488
-845
-2615
-517
1959
682
-2693
1242
871
638
-1009
448
798
2543
2038
-384
-641
575
-2879
-2463
303
-2988
-2953
-2705
991
965
-3230
-3014
147
-2722
-4278
-429
2154
1306
-2273
1525
3384
1217
-1328
1431
4047
-2580
-1386
737
2783
479
722
2832
3239
643
114
1398
170
-75
1905
200
-1464
-273
-1722
-1456
194
-1324
-2105
-172
-493
-449
-1353
-2753
-3485
-4148
-830
3741
2520
-625
-688
770
1975
-1419
-956
119
1967
-3006
-1144
2766
659
1498
3063
3973
804
866
1770
2074
-1343
1078
1277
1625
1387
-2030
-1274
-2356
-132
-3
-396
-1903
-2397
-1641
-1977
-2169
-2959
-3635
-217
-1459
-2618
335
2553
1798
-1429
377
1772
-1550
-161
1585
-1667
-803
2338
1138
-644
457
4536
1947
1210
118
-1571
-710
267
2292
232
-673
-1084
-2122
197
-294
-912
-358
-1875
-1076
-3298
-3778
-2296
-699
228
-1954
432
438
-731
277
-101
166
1643
2845
681
-5459
-4278
2343
7964
3585
-152
-130
6316
3974
376
74
-1705
465
1513
2103
-1291
589
-1792
-1667
-380
-945
1565
1460
-1147
-4945
-1097
1237
-1613
626
-1996
-2717
125
-145
997
941
608
3890
2283
421
-3138
-581
680
728
5080
3791
3656
808
1794
3153
1826
2457
-363
-124
3850
2837
1191
903
152
-2268
-1103
-2037
1366
1094
-2391
-1560
-2384
-1097
-211
-1400
-9
-1346
-5003
-733
-1354
1864
5807
1767
40
-844
151
-87
-934
703
2078
383
3332
4851
1058
-410
868
3148
-9
-1697
1458
3272
2029
-1738
-3010
-643
-71
158
2897
-436
-2338
-1846
-4581
-2623
46
655
-394
-2582
-3267
-1584
463
2258
2637
1326
-572
-2203
983
688
862
1497
4028
3891
2313
963
797
212
2438
1770
-1419
1024
3233
-378
-2313
921
-2102
-3501
-308
2022
1539
147
-723
244
-3840
-3750
-135
999
59
-2743
-2242
427
-30
884
2736
-898
84
-114
521
1259
332
1690
1487
3518
3617
5
253
2638
3171
1041
1116
3998
1753
-2425
-1574
-491
3121
-1168
-1969
488
1250
-1624
-1305
-752
-2415
-973
380
1278
-2337
-3491
-2812
-1337
-1399
-834
1543
1753
2182
-266
-2424
953
3826
-495
446
2605
1844
976
-575
1870
3636
1870
588
-370
779
-1325
-3642
650
1476
307
-1205
1270
-862
-1901
-2262
-2180
-1488
-1942
893
1690
-717
-4619
-3174
-930
920
-195
711
408
824
2574
922
63
421
1645
2869
993
602
2503
-210
1876
1228
-563
-1049
-20
2459
-212
-2001
-1193
1636
-1206
-752
209
-1394
-4357
-2356
-354
-670
317
2725
1331
-3622
-2972
-3547
-1856
-253
-1242
430
884
1439
2848
531
-404
707
586
-2066
-1452
2341
3676
3571
1171
-1254
-564
-1937
-299
2407
-37
1044
452
-2129
146
-1839
-1108
-3766
-4161
-1811
-1142
-155
-366
1112
-1451
-4360
-3799
-2894
-1151
-1739
1111
267
-1095
-546
487
-190
207
1856
62
-1953
-2420
1755
4475
1059
505
567
-2032
-3865
195
-50
-1809
-885
-501
-994
560
-550
-679
-3322
-4246
-2659
-1517
348
-786
1847
1299
-3455
-2477
-1724
-1591
-1575
317
2284
-1422
-4260
-584
2431
933
958
-391
569
-226
2710
691
-794
1014
-671
-724
-574
512
-148
-787
1857
-993
-1830
-2661
-691
876
-2412
-4685
-1920
1353
-712
-419
-191
1663
-783
-3865
-2778
416
1029
-96
1005
-1129
-2700
2903
2524
1350
-576
-107
1194
526
1343
-681
234
-376
197
2483
220
1184
1159
-2738
2638
493
-3633
-431
526
2055
-962
-1663
-2019
-2292
744
-1364
-703
206
-918
-1563
-4140
-192
2151
-506
-933
1709
1290
-557
-824
781
2310
1526
12
-913
785
1805
548
440
192
552
-626
-2528
521
-260
1929
-830
-1198
3027
2144
-102
594
-1401
-4158
-1044
986
97
-32
4251
1940
-3057
-3571
661
1665
1261
-990
-632
2733
-1079
1775
2603
2384
4370
678
-1058
-1746
1774
2947
1538
2966
514
-363
1123
-2317
-1404
1229
-975
3731
3155
1245
1625
-1404
-3684
-2950
-464
22
2477
3283
3497
921
-932
-1400
1593
3678
-263
254
1141
82
-1259
3670
3050
2049
1980
1024
-236
-2894
3012
3195
2360
1853
857
761
1430
496
-13
1535
593
1842
3359
978
-1297
-2766
-1600
484
-21
80
2468
932
-1750
-2061
811
2099
738
-439
1095
1428
-408
-950
-2609
579
1698
1492
75
140
876
439
997
-310
889
-1072
290
-117
-1653
-959
658
2342
1051
2864
1245
-2264
-3828
-1361
934
-1924
1755
891
1068
1873
-190
-262
688
564
-1947
-343
-700
92
-1588
-838
-1083
727
2663
880
175
-1489
788
-673
236
-1046
-1754
2082
1288
-500
-1929
-383
-531
1584
1805
879
-1699
-2231
-675
-932
-239
-1309
576
144
-511
795
1186
417
-453
371
2267
1899
-693
-2621
-1593
1026
1
2403
-444
-2086
-1088
587
-1004
1296
621
-1767
-105
2063
2227
-311
290
1051
525
-32
-2872
-259
1161
607
220
-531
767
1164
-1808
-1192
-1339
-592
756
150
745
-1011
-828
2584
497
-2885
-3135
272
339
-2297
-1383
1901
1666
-2997
-3313
2230
-466
-2833
-2523
-240
737
-948
1737
1871
-1707
-454
-672
1264
1296
-1135
934
-1749
1290
-932
-2824
-819
2731
2017
-2638
251
1873
-797
-441
1476
-2822
-2906
-2269
-17
400
-1120
-478
-55
-690
-1515
195
-582
2
-182
-1869
-1039
591
564
921
-559
-2466
-696
623
657
220
227
-1797
-1600
44
-537
-1011
-548
1886
1832
-542
-488
2766
-1202
-1614
-1339
-2481
-1569
-2576
3298
2065
-1757
-1551
-4168
158
690
-955
-2300
-1282
2941
162
-3823
-27
4197
199
-1109
-1792
32
71
-2155
3268
5070
-815
-2685
395
-1432
-1762
-648
2092
949
-1093
727
1417
-1570
-1438
-1610
419
-451
-2604
1038
755
-1780
-1778
-1482
-1377
-3310
-2453
718
1064
-117
-1333
-1638
-708
1630
2595
168
-434
-1246
-592
1520
2044
2737
185
-1724
1353
508
-489
-1180
2645
3772
705
-48
894
1163
-2423
-2721
774
1996
39
-2274
-459
-498
-2589
-491
-2004
-1056
-96
2026
1048
137
384
181
41
1116
291
2759
1230
-3473
73
1400
-462
1846
1932
359
-436
-189
2157
1856
2392
1609
2632
-102
982
2994
-2452
541
457
-1166
414
953
-406
-3618
-2853
-360
-1328
-931
675
522
1053
-1113
114
1729
2149
4178
534
-1597
137
-524
-2192
-718
2156
3963
1787
1718
1476
527
705
-1122
1018
1862
-274
289
2481
3513
-289
-3604
-2573
-697
1037
511
-2302
-1718
-3118
-2389
-1810
-1542
-844
-910
626
-1029
-337
2486
670
1238
1940
253
-1870
-1033
-1437
-835
1804
1755
2461
635
1942
1545
2992
1526
105
-1153
-2243
574
-107
3683
2756
-2620
-3151
-593
1700
973
-185
-1022
-3679
-3111
-1544
2158
-802
-891
-782
-1232
3513
1798
620
1145
1760
-1675
-2881
374
1561
-3282
-2123
1259
5202
3331
-489
1359
1369
1497
3270
176
-313
939
-347
96
-1383
-356
590
-894
250
2496
159
-2167
-2339
-2693
882
-470
-1804
-89
-1459
233
1517
-352
-514
2913
698
-800
-1282
1845
453
-3698
-1531
218
6851
4941
1197
749
-1603
2395
1665
1682
-1724
-2391
-491
265
-1156
-2123
453
9
-32
921
-786
-3760
-2690
-463
352
-678
-726
-2662
-2533
454
103
-2255
1522
140
-906
-902
-322
2659
2994
-4125
-3753
2514
1662
666
865
1953
1351
1497
3300
509
-1803
-989
-274
-807
-731
-1362
2297
2212
-1580
1803
-1279
-1243
-2608
-349
382
-2930
-1779
-984
-1108
-1442
1234
2767
557
-923
1397
-610
-31
931
287
-2009
-1472
-1028
153
2410
1276
1506
3883
1283
2093
3555
-1496
-2281
-1372
-1706
-850
1298
1598
1641
949
1335
-632
-1386
-1608
-2422
-1088
-1230
-36
43
399
-376
-798
-371
1020
4026
3839
-3278
-1675
886
872
-203
-4726
1187
3376
2309
524
1500
2678
3128
1827
1174
602
-3669
-2020
-1264
-1037
140
845
735
-413
1846
1468
-2945
-3510
-1699
312
-1960
-4040
131
5040
-1077
-5942
-257
794
609
-391
-2153
180
2218
2393
-323
-5313
-756
2279
2083
676
-965
182
1305
2961
2770
918
-406
-3704
-1482
1016
115
-663
940
181
2147
202
-2707
-1497
-1380
1136
-788
-3491
-816
3580
686
-4884
-708
-124
-1659
602
1539
1730
-884
-2994
693
-1378
-2195
1399
1895
-754
-3122
834
2279
658
3178
1949
-1145
-1103
-252
425
-535
208
1614
-693
1526
-3134
-3000
-659
-859
856
-98
-1463
-204
118
-1134
-1253
703
3390
-719
-326
643
-22
588
-4040
-552
-179
-9
2636
304
5
-2667
-241
911
340
2166
2699
129
-1186
-590
-764
-436
-39
-302
217
1795
-3400
-2975
-198
58
2802
-1299
-2382
3026
31
-3391
-3576
-129
2814
-2677
-831
2960
9
9
-2613
-248
2560
831
-1224
-1863
-900
-82
379
1391
-705
691
2793
1871
3001
-2143
-1501
1991
681
-2336
-883
328
1509
-2521
-2808
3085
3194
-314
-2787
-100
675
-377
-2498
-2316
2059
3024
-865
288
1370
-1654
-2804
-763
3370
33
-3842
-3866
-1489
1147
-87
1085
3511
2132
-2359
-1420
1414
-674
351
3545
3537
-2704
-3403
-2144
1596
2292
-419
1527
413
-2253
-1709
-1425
-1518
1464
2419
-653
-1282
1953
1004
66
-3936
-2029
148
531
650
-1927
-386
-3318
-1222
1043
1131
1141
1309
686
1178
-1178
-1209
-1324
-1864
1427
2392
1553
-3271
-2758
607
176
2011
-719
904
934
-3325
-2669
-1137
139
2559
46
-2506
531
1454
-1453
-1316
-1301
-2132
-366
335
2602
-1949
-1573
-330
-990
36
833
2215
735
1299
-221
-989
2275
505
-894
-291
2431
1523
-458
-566
1343
2206
1191
771
-589
-651
-168
-839
945
54
681
773
-2487
946
2849
393
-1814
-2549
-541
-1048
2184
934
-1578
-1409
-99
1800
1899
444
199
2134
2279
-1083
406
2102
-958
-119
1153
3647
2916
-464
359
699
2274
981
1287
-540
241
1031
1627
1740
122
905
-300
-777
2500
860
-2982
993
-265
-1823
-683
1053
1945
-129
-1371
768
3049
161
1839
912
-410
-1148
-788
2483
63
1497
5248
2130
-2373
-1168
1795
2166
-2370
1244
2637
-1142
-26
785
485
-1741
1052
872
402
639
-1592
-776
-2182
-1746
1995
-235
-1399
-2803
-2452
114
70
788
1484
769
-193
405
-372
-85
-576
-745
642
3784
4960
2659
-2418
-2725
2119
1162
407
35
1527
726
-1179
-1779
-893
693
490
72
1740
1698
270
-2405
-1854
-653
-1302
-325
-2465
-3402
-1192
-77
-224
1112
1209
1491
932
-3421
-661
-417
-279
1654
300
29
2331
5530
-30
-794
-315
298
392
-1418
-851
2090
1259
-1288
1201
166
-192
130
1455
412
-210
-2326
-1364
1843
-1849
-2053
-3167
-1366
-2571
-2081
1329
2702
1300
-283
15
-1538
-2080
-663
376
1483
640
-250
3542
2719
-656
53
-1679
169
874
-488
568
2523
-731
-3254
-746
699
1504
-935
-363
1457
-636
-4213
1
811
-1775
-943
-2076
-2990
-4235
-2199
434
-74
1195
1024
-95
-1882
-1077
-585
620
900
639
1751
1052
809
2851
-278
-1883
287
358
-606
997
915
286
-1886
-876
1161
-1105
-211
-214
2278
-906
-160
280
-1416
-1582
-3698
-3306
-2020
-932
-940
-1663
-1045
-739
579
1451
-1036
140
-1339
277
-857
-1657
405
1067
3334
2505
-157
-2168
-1007
1599
957
-60
365
3721
3268
-1356
-1615
-1807
-699
925
-912
-243
642
2218
-518
-3029
-4918
-5094
-1813
661
463
-260
-512
390
402
201
-342
-1550
1507
-120
-610
-557
-548
-888
1709
2175
2338
1174
-1457
-2323
1795
2455
260
1512
666
444
-1218
-1871
-541
2045
2075
-276
-2170
-979
309
-1404
-4217
-2098
57
818
8
-2432
-3243
-2012
940
459
2216
991
-2192
-1261
2039
1363
2223
160
-927
3902
1815
1610
-1290
-2213
-1773
2796
3222
728
2000
330
-1127
1383
2666
2308
1168
175
-1698
-1757
705
-2601
-1712
219
114
1540
-574
-2999
-3541
-1553
3233
935
-1129
-680
-424
489
163
-417
1686
587
1157
3983
5391
1398
-2443
-1432
629
2364
1108
-224
3241
1408
467
-186
1210
1349
904
919
-1811
-1152
885
-314
-4182
-760
389
1646
1680
-1604
-2655
-2399
1726
4491
170
-3254
-744
1381
427
-202
301
82
-615
1287
3881
2825
2938
384
-624
-1798
988
2084
-82
77
777
4257
2537
1239
-1272
-1361
-1666
324
394
378
-1100
-4464
-808
2293
2699
-1156
-5859
-2455
1362
3533
1949
-2558
-1097
2297
1034
-741
-966
124
959
946
1968
4248
1177
-2365
192
1088
-355
1387
360
-872
361
431
2693
2668
640
-601
-121
-84
1446
458
-3673
-2496
-464
620
-1162
-2825
-2349
-2049
-644
2734
2282
-1569
33
-1079
-71
-1618
-1186
3114
2374
-716
725
5140
1456
-2218
54
466
246
-996
-676
1077
1223
-2598
531
204
-849
-239
576
1430
969
238
-2424
-1867
-701
-612
-3117
-1300
-1257
-1211
-933
-1939
1542
4124
1133
-1960
-2976
-2672
-1503
-344
396
659
-217
2721
3524
-205
-365
-1165
-352
1610
1044
171
-865
-3544
1062
2247
-1407
-2359
-2460
-31
491
41
-1471
-807
-1527
-2915
-2211
-940
592
-508
-3334
-1111
1434
2018
706
-614
-1994
-1830
-1330
-1882
-678
341
-1445
852
1817
2652
-51
138
842
665
259
-1753
1096
-355
-2635
90
1139
-926
-843
-1669
1929
2551
-777
-105
-3272
-3384
-2867
-1395
-899
120
-1040
-1005
2939
2691
-753
-2536
-922
836
82
-911
560
2213
-319
-1593
3423
3167
-39
2029
247
-1607
-99
1056
226
-1095
-2439
2418
2861
-1024
-2783
-595
1837
431
1556
-202
-3272
-2156
-2072
423
-1156
-1597
1640
542
2250
303
-54
1217
-790
-1904
-1182
969
952
1054
-1666
-842
3436
3207
-851
1304
1421
-1665
343
3443
4112
-917
-2991
1970
3395
-2123
-2045
385
-176
-2351
-2291
-315
699
-79
-2641
698
159
547
-340
-1333
554
3201
251
-389
1363
-3196
-1546
599
1624
1839
-1429
571
2456
1338
877
-541
-18
440
-210
2269
2632
115
-1111
-237
2910
1475
471
86
-348
74
-1875
-2580
-778
-627
-907
-2331
-528
2081
851
-1102
-1021
242
-71
33
131
56
890
1905
678
213
128
660
4243
1586
1104
-1005
-136
1977
50
-1233
294
2971
1105
-2491
-2116
3064
2561
-961
-1654
664
1473
-858
-2907
-2751
-2099
-2471
-898
-94
1782
217
-577
1224
1796
31
-761
-1383
-264
2581
-1169
-19
439
-679
896
2788
3017
991
1856
-622
-1686
893
2956
999
454
-2818
32
288
167
4359
-701
-2306
396
409
-2932
-1892
-1427
-3030
-2087
-1596
617
1651
2496
298
1712
-595
-2899
-190
-97
1951
-176
-666
-1902
661
1236
-81
2796
2049
1003
3437
479
-1945
2375
1380
-604
-1644
335
1674
-1136
663
2541
-298
-1862
-1919
-1203
-1130
-1462
-2113
-4399
-1678
-1090
-325
907
1046
145
1277
121
-1179
-940
-1243
-1054
817
1645
2131
726
372
3516
1809
91
115
1430
-364
-356
202
-964
-2290
-1947
259
-444
23
3022
1643
-870
-2604
-2768
-1591
330
-1218
-3360
-4461
-2241
-1620
-1784
963
1688
-1
-1416
-428
-624
-1066
-997
-1365
-670
424
4141
3150
-1020
864
3091
2187
-2443
-248
306
2585
747
-2926
57
-623
-1515
410
605
537
1965
-3135
-3365
-1594
35
358
-693
-1466
-2533
-1792
-2899
-356
-458
-1172
1394
-133
728
-97
-1729
-540
-1216
602
1563
1454
1691
1226
1973
3928
2362
-51
1580
966
262
-405
-1493
-49
1159
881
2711
854
-2922
-5376
-1599
1236
2833
1861
-2851
-2464
-1889
-434
-1074
-1409
-259
-1452
35
1514
-190
1011
-1427
-1597
239
2016
2093
-812
-233
2307
4478
2949
1921
1744
134
1743
-359
-130
-2752
-3353
1613
2543
2413
1922
247
-2774
-3302
-1732
-949
-44
2123
-1513
-2173
-2779
-681
-1299
-2713
-1413
1385
2555
1570
-435
-2370
-2200
-1547
-78
-810
178
3583
2837
1032
2504
5860
1691
-1136
2027
614
-1068
-1973
269
615
1752
1663
2119
918
-2937
-2252
-2555
-2427
-691
669
-660
-2617
-1128
-1244
-975
-1302
-2153
113
3866
445
-327
-695
-2348
-1549
-1717
-1790
-617
668
2616
2337
3988
2294
3487
3518
434
-2346
12
2645
100
-1627
468
2953
4077
3152
-2151
-2578
-1240
-2312
-1565
-375
-1487
-1281
-2477
-583
898
200
-2258
-1738
1227
1573
2155
-373
-2765
-2289
-1063
944
-627
800
3005
1904
908
3697
6154
4252
982
-4126
-1043
2505
323
-580
-952
1905
3232
1540
384
394
799
-1896
-2224
-1575
560
-911
-4095
-1697
-848
-516
-3149
1112
-895
-1865
2988
1621
-1144
-1308
-531
-896
-684
-1753
1307
4893
2867
391
3199
6303
2854
-2367
-2572
-1972
863
-207
-831
2652
1880
1776
663
1812
-588
-2429
-2829
-3119
1293
1347
-1779
-4304
-3533
-2094
-1329
-540
-1283
-344
716
1147
3204
-1583
-3286
-645
-4060
-166
1278
1767
373
-1315
2795
5644
2991
250
-166
-1583
-1224
-2001
-1433
1442
3373
3488
1909
2809
-128
-4275
-4675
-3483
175
364
-2742
-1978
781
-716
-2807
-4521
-1741
1923
-561
-2061
1178
113
-2373
-3210
-2033
2058
2684
1053
705
835
1441
3631
2036
105
1691
-848
-2074
-1880
-1694
-13
1167
2025
3725
5021
1810
-322
-2741
-3677
-4149
-1197
2079
-1244
-1326
-1568
-1893
-2207
-3373
-188
-965
-403
3095
2709
-1376
-2808
-2156
-572
1979
2066
1479
514
433
3513
3633
1587
-990
-1473
-2769
-1221
1321
386
376
502
4930
5715
119
-1618
-2007
-1049
-728
-1282
758
-2786
-3628
-1600
144
706
-7
-490
-279
-1353
-356
118
-306
-1834
501
-1035
1170
964
960
2693
-1000
273
4263
3363
2140
-1037
-635
1652
-2867
-3166
-506
3561
6116
4210
1274
-921
-3255
-1728
1922
1149
-341
-1634
-2503
-3681
1117
-1022
-2421
-1150
464
307
98
1075
-2487
-3898
-2783
2072
2363
-91
527
3683
1892
-827
4139
3693
1837
-577
-2084
-1841
-945
-877
-2309
-1688
1326
4821
3799
1745
568
-1656
-1789
-920
-2026
14
-582
-389
-963
-2817
-1254
-1217
23
991
1572
627
456
-2921
-3678
-773
1484
196
548
2354
241
446
3073
5412
3651
-1462
-3522
-1268
-1224
-774
-242
1370
-29
-872
2498
5038
1454
183
-951
-3421
-1022
904
-1305
-2763
-295
1260
-879
-1259
82
927
-323
-592
895
925
-1314
-2956
745
-1864
-411
2797
651
212
3156
6442
4229
166
-223
-1664
-1428
-405
-1076
1153
47
1943
2590
1267
1143
-355
-33
-1552
699
728
-2030
-1843
-1398
-68
651
-95
-95
-1466
-588
1862
198
-1465
269
1618
-1020
-2562
-1889
2960
939
-435
1875
4087
5033
1306
670
274
-1451
-2869
-312
1906
-413
493
1239
1240
796
95
232
-3244
-1406
865
24
-3450
-3697
304
1744
539
-1365
-315
-1024
-855
2141
1147
-1348
-1557
-921
-1445
-1283
54
947
197
713
312
3301
1240
-819
2481
-2165
-4007
1798
-467
-1019
1507
1399
1627
835
-149
-267
-3768
-3204
-844
-1133
530
-1478
-163
-1309
-2393
263
584
-1513
-1112
800
-802
-2006
-3
1345
-2517
-1858
444
-114
65
-269
1930
1324
1478
17
423
-577
-2165
410
1328
-842
189
1119
475
670
2213
1147
-2641
-1668
-4363
-2688
-987
-2357
1491
1685
-965
-908
-97
-502
-2630
-834
667
3091
684
-1770
-299
889
-423
-1869
-188
989
3741
1061
-536
265
1427
2698
-1585
63
1238
-1083
-516
-162
-273
2326
2806
3572
-2
-4096
-4970
-722
-246
-3225
-1929
212
990
1780
742
-884
195
1610
1878
1181
587
-917
-369
-2071
750
-1322
-861
3515
3170
-2617
-112
2563
2132
112
-1784
1680
1228
-1385
1030
901
1343
-97
1031
3194
209
-1908
-1623
-3377
-955
-1181
-1052
-831
-1410
1085
1980
1098
274
25
-612
-255
828
469
2280
-118
-1491
-2091
931
2147
23
-1660
1895
2704
237
-77
837
1372
-399
-404
1028
789
-500
404
3049
3200
194
-1006
-2564
-2828
-2909
-1192
-842
-2406
-1487
-273
252
919
-105
1078
621
1098
38
-1103
957
342
539
1664
-914
1058
1762
369
2050
1052
-396
2965
808
-4247
-1877
1145
1828
-1621
290
903
1562
2377
-610
1161
-1863
-2991
-1050
-2760
-3080
-364
717
-182
-1158
1475
3984
1039
-951
86
1243
213
-1960
-1775
-428
546
1208
-29
1292
1694
3240
1218
-854
1519
1558
-1838
-1959
-1747
750
1422
577
-867
-327
1351
1983
382
-3366
-1722
-392
-1701
-3469
-2122
318
-1267
43
838
3098
1572
-3186
213
150
-1025
1539
-249
791
929
1534
-163
-517
-137
1426
2922
-1425
557
969
-312
-884
-355
-31
755
-310
333
825
-2063
2036
3872
-3082
-4690
-2594
-1077
-2251
-1056
-3167
-666
1111
-101
245
-1237
713
-576
-43
929
-173
476
681
2527
1374
-766
-2761
546
1751
-405
1925
-1002
-1064
-94
-1216
284
-1990
-1134
449
918
-1103
-1764
-567
1216
441
-1050
-1677
-2061
-2950
-1496
-2408
-1042
1137
2401
590
-2342
-1582
-633
722
-381
-1116
-478
1189
1457
-1210
-1050
2695
1358
-2178
615
2031
853
-944
-352
-1608
-736
-993
-1257
-658
-1758
-289
459
1287
1699
-723
-2834
-1548
-622
-2465
-2555
-1967
-801
99
1324
458
1465
468
-2492
327
2411
688
142
-184
2257
1226
801
1748
-756
-206
-1929
3039
3639
-714
1018
-1052
127
-706
-1172
3140
1125
-1275
-1406
-28
2709
789
-2639
-3544
-2274
-1025
-826
-2522
-2615
1292
1899
-511
283
2353
2119
-877
732
534
1884
1662
-1029
-16
2281
786
-518
247
257
1295
2469
284
1696
1103
414
-1594
304
1037
-649
-374
-1683
368
789
657
151
-1388
-1570
-950
-933
-1082
-2808
317
5138
2620
-858
-2025
-3070
22
2405
2053
258
-1291
944
2146
2496
-1838
1452
2613
1911
735
426
1277
-1348
-1742
-293
1068
-785
-215
1665
-1142
-285
-2211
-881
1490
391
-117
-4685
-2295
848
273
1115
-1772
1623
3195
-251
484
-1357
-56
1123
4742
2950
-335
-260
-489
1744
-217
-143
3529
3475
1617
-554
1116
800
2795
1129
-1037
-1264
1854
3573
-253
-1491
-1890
-2146
-282
903
-242
-3727
-4219
-885
3388
-427
-668
2748
4653
1431
-1466
725
-559
-69
2201
2237
1144
2981
-133
-1768
-417
355
4984
5028
-1729
-2777
2433
4268
1713
254
51
-243
-373
-921
-1507
-479
-1477
536
1778
1173
-1682
-1603
-1369
-2928
-281
769
2070
473
-257
-68
576
716
-2378
-313
618
2061
2161
77
-21
-323
1950
1233
2101
1992
-942
408
682
1
50
-1913
-248
-14
1310
283
-2293
-1339
-71
627
513
-940
-1822
-1601
-2993
-3603
-353
1239
807
256
-3215
211
286
-98
1286
76
1869
-494
-894
845
1142
-748
-1280
1862
1457
370
-1368
1434
4091
204
-1701
-1814
849
25
1169
-736
-3624
119
-3168
-1509
-383
-2490
-3271
-3042
-2267
-467
-918
-2169
-706
-187
-202
-1441
-332
1164
3058
-360
-2800
432
-1547
-1385
-725
2735
1134
-2611
83
377
29
1272
3469
1307
-1730
-2648
219
1275
-1614
-2243
-2063
-3025
196
881
-1546
-1275
-3048
-2154
835
376
-785
-1271
-3235
-2644
-709
-696
-386
772
2264
-1307
-3746
704
983
-1622
-580
3127
3518
-1242
-1682
-1248
595
-2170
1349
4430
-517
-989
2106
-454
-2375
-1104
-2319
-1035
-1066
492
-40
-539
-2669
-3386
-1459
1841
68
-2238
-1303
2043
276
-2378
-460
-733
213
-102
-1453
-1086
1632
3713
371
323
1296
-248
-1439
645
2850
-1287
-1118
1789
2974
2609
1449
1392
1707
-2319
-4347
-1790
-44
-941
-939
-719
-942
-1151
-634
1312
-324
-1488
-1324
1259
-246
-2206
1716
669
-990
-1639
313
-917
-679
3243
1840
-1383
-1671
1145
2192
2155
1133
-50
1728
-338
-1620
718
1758
1532
-1137
-54
693
-1750
-3081
-574
-260
-1177
-3009
-1
3107
1402
-854
-3043
-1380
680
259
22
396
-2252
-1348
1494
-291
-2233
-227
1968
-592
-1097
836
1039
3579
1303
3436
1112
-1979
-555
-1022
1798
2824
-11
500
-1223
-690
1319
-1399
-1205
-74
-1185
-2126
422
1503
-4
1863
-233
-1201
1660
2774
4583
472
-5251
-3650
2386
2745
-1574
-1752
2463
2172
-706
185
1418
2377
2426
2027
2715
1328
-545
-260
1104
73
2017
1449
283
-379
2061
1331
-3116
-1341
261
1955
840
-761
1894
1185
638
1595
1854
1913
2259
-1437
-3520
-986
2033
328
1075
-740
4
2607
1702
23
-1720
3036
2612
-587
1414
2813
-484
188
-141
308
1196
301
2041
1497
-1667
-1981
-99
-1003
-546
672
1274
-317
707
-419
663
449
-974
145
2689
428
-2429
-460
2407
1652
-2947
-1786
581
209
-333
-1351
-667
1904
1735
-440
193
-2411
967
2428
-1481
1355
1772
574
-2376
1564
-55
-1826
-2110
-2921
2288
463
-876
790
-51
576
-1460
-777
1790
2742
-1267
-2328
-1266
3447
2832
578
183
-545
-862
186
-1327
-2078
-1867
-312
1666
723
-643
113
64
935
765
2210
622
-2660
-1692
651
1790
-119
-230
-927
-34
-483
-1128
-838
302
4762
1341
-691
457
397
-923
-2339
-594
1841
3467
3136
1446
-1990
-1035
-2689
-898
680
-2030
-425
431
-154
-2108
-975
2727
457
552
-2880
756
3972
-115
-16
-230
-1891
-1304
454
416
919
-1164
-2902
-973
1843
2655
2328
3928
-2772
-2609
-2155
-1874
1573
3320
855
-534
95
902
-3039
-1367
907
-662
1173
-1473
-2364
-1557
-417
370
1246
-1645
-1968
371
50
-170
662
-2452
-1383
1901
-593
-534
365
227
-776
-1192
-557
2015
2944
3133
874
-391
-1175
-1171
-377
1129
1838
2307
-1678
-962
-942
-2169
88
-2146
-397
93
769
-34
-3376
-793
1046
-754
-1699
34
-1693
-1230
-1592
969
2374
352
-194
-1088
-2129
-1395
1500
340
-354
1915
2806
-1473
1370
188
-171
-1167
1052
1663
3380
203
-1886
-578
673
-75
-3689
-2993
-1638
2143
340
-2988
-2
114
-883
297
-1903
-1554
-321
-922
-1209
-1759
2879
4905
2306
-4174
-2562
370
-380
-385
163
4206
1014
-306
2210
100
-302
-2095
997
2943
788
1239
-1005
-423
760
-2333
-1714
-856
1777
-210
-1958
-2184
-457
-736
-1539
-401
-564
-1232
-2403
-2364
-1726
-1483
757
2606
1698
122
1294
382
-2175
-1171
989
2425
1334
1335
4357
1569
-1807
-1491
2451
1336
363
-3686
-463
2838
-1418
7
1470
-487
-512
-192
-1845
-501
-906
-64
472
-4222
-2538
437
-3157
-1714
-1156
-492
1439
-1316
656
2280
-3
-433
1755
2288
1335
-3506
201
3867
1230
-1135
924
4077
1251
-1742
-1373
672
180
-1646
312
258
975
-2026
-2577
685
-2785
-1524
-835
1262
-627
-2245
-170
-456
-3307
-2037
947
41
-683
-1659
-704
-47
-1516
-1441
1423
150
-1279
-310
2988
1953
2283
1990
1979
-59
-500
-2687
-1673
-1200
960
3036
-49
-1667
-118
1070
-3147
-2836
-2242
-476
-450
2185
-1092
-3179
422
-1428
-812
-2345
-3274
-775
-1113
-173
1040
-500
-513
3152
437
-82
896
-818
269
1499
2355
2105
3806
1368
-697
-2532
-1881
9
2743
1782
-415
3269
2570
1022
-2385
-4060
-2305
761
-204
-688
69
1425
-1621
-1318
-266
-543
-34
-2819
-1526
2316
922
531
1221
1460
-686
1418
1632
-1109
120
2185
4233
2559
1427
2304
3612
-2500
-1126
1491
1538
595
704
3214
30
-1181
-3443
-2676
-159
1117
1271
195
1555
1355
182
-1535
512
-238
-2798
-1892
-387
-121
2431
-307
47
437
-1663
456
1796
171
2656
4066
92
1113
2577
418
335
-661
967
-133
838
-434
-59
1312
1815
1411
-3010
-873
-590
-1339
-1561
-967
2007
798
41
-43
-905
-1392
-1588
-2585
-1786
1426
1684
1452
935
407
-908
-2188
295
4945
2265
-719
334
1073
850
135
412
1494
-450
1324
-557
1730
1208
946
2533
-245
-1038
-1054
-2665
-1525
-1214
-1155
-598
2183
1289
445
-1703
-673
1911
-1240
-612
-1995
2694
2098
-1141
-2445
180
134
1942
3386
-609
1466
1542
1933
229
-299
-440
465
2713
1353
785
801
-1711
1028
2257
-2224
-671
-1113
-963
-81
-2687
250
3973
762
-1437
-1203
151
175
-2
-643
-1920
-281
3633
257
-2112
-1545
-710
2864
2209
1630
958
-449
1647
1233
-1663
-2791
-767
1488
1838
-169
-195
370
973
1088
-898
-2226
-1296
1244
955
-1158
-2073
438
799
636
298
-3279
-1258
-2742
-472
98
-678
977
2206
599
-2800
-792
2780
-965
1264
1722
1498
-640
-1203
420
-1748
-2428
-1426
-976
677
435
-546
2282
1986
-1731
-2446
-637
-1307
-1841
-2597
-1949
473
1052
1875
193
416
-2267
-2947
-908
-1157
-3576
-1121
1382
2197
-1496
-550
2191
-1911
-1162
2324
2357
-644
1373
1219
-2947
-4365
-1250
189
617
-534
-1678
-260
1486
1313
-360
-1876
-5206
-1638
273
-2673
-1017
1561
1058
2471
592
-252
-2693
-4534
-3996
-1398
187
-713
-1441
1685
-490
-169
1528
-696
-152
256
1943
567
71
-28
-4598
-1656
1264
-2228
-1764
-1526
1307
400
-3057
-572
1183
464
-1952
-279
239
-2609
-1735
-752
199
1667
3564
177
-3281
-3435
-1375
1837
-2013
-2379
-299
3765
2130
-1658
431
-624
3785
2316
-353
1780
-703
-843
-2059
196
-57
-112
-2226
-1115
893
-250
424
-1478
-21
2290
1001
-2044
373
869
-2933
-2270
395
1924
956
-1056
-2191
431
3089
-463
-2036
-1461
1579
2587
353
-65
2333
-171
1136
3246
1730
1198
682
1521
1948
-519
206
-1156
-3762
-1781
588
1475
-75
978
2658
1615
-39
-1021
835
872
841
-1461
-1720
-939
-355
1094
-1677
1670
1105
1010
1280
261
612
-87
-986
-1321
2526
2877
3561
1398
-1155
797
4091
2644
716
-731
-984
-1404
-778
-1352
-515
-2723
325
4253
3117
2030
-1584
-2481
-1031
567
-1347
-870
1356
2759
519
-672
-1468
-286
-1510
2124
4246
2878
-589
-686
1979
1908
786
3247
1636
-1011
-1077
3334
3666
3644
2716
552
-321
-1234
137
-981
-1524
-1933
-440
1104
1554
2255
944
-899
-2416
-709
1526
1803
-1019
2223
3553
1057
-735
-3270
1019
1558
766
1817
1266
-1296
-754
2084
3052
1661
534
-974
472
4677
6917
1719
1096
1928
290
357
-352
-2679
-1268
-1196
427
3653
-13
-1409
1414
-260
-1951
-1982
271
2101
-501
-785
625
62
44
-1083
-2515
-1989
990
524
307
2686
1955
3017
-482
-1349
710
-3036
-227
2569
3403
2592
762
1506
-52
-1205
-3006
-2073
-1913
-707
487
2011
-483
-2940
-478
284
-3079
-3167
-435
2475
1501
-2212
-2780
-2020
-1485
-679
-1654
-1106
-540
423
305
2935
2438
693
934
1131
-253
-2322
172
1448
1189
1949
-389
-461
-1819
-908
226
-598
-3040
-2895
51
1842
807
-1344
-1968
-1483
-703
-1371
-3142
516
2644
-428
-3589
-858
-1896
-2226
-1862
-878
677
-209
-1455
1597
3682
-798
-841
311
-46
711
2326
-166
117
4028
-414
-3288
-580
1194
895
-297
-2465
-2149
13
-322
279
126
-478
-700
-2004
-3279
-3302
-2467
-58
-1
-458
-1694
-2851
-3833
-2172
452
-690
-434
1636
1292
-338
-1037
-1169
-1067
-2203
14
3420
10
-1319
1845
546
-2526
-2369
-1857
2452
464
-999
-1659
-1608
-246
-2378
-41
-1632
-939
-1577
-3250
-1136
-2867
-839
-195
-2459
-96
-2668
-4319
-3212
-1694
7
317
4289
1790
173
-2440
-1653
-580
-2495
-132
2690
747
-409
772
-2289
-918
-804
-283
1239
62
-719
-651
-994
-1544
744
1832
-1814
-3416
-1938
-1325
-1596
-327
-1090
-814
539
-1082
-3275
-1642
-861
-2782
-582
-209
-229
1797
1085
-1355
-1284
1208
-212
23
1093
17
1378
2745
-78
369
-1875
226
2927
1507
1307
-992
-2637
-316
2211
1277
772
-951
-925
-2041
-3268
-455
-1226
-260
-1135
-2384
-475
-723
-746
1130
659
-269
-973
1168
1387
-31
-1747
402
2470
2551
-289
769
2598
415
1883
-430
2021
807
1875
3642
402
-284
-371
276
-313
-1265
281
2060
1921
1525
-610
-1150
944
1466
374
-2279
-1234
-172
562
270
667
2447
2629
1494
-650
254
468
1435
5122
1383
629
1297
1856
2912
843
135
2507
3327
2460
2885
839
1313
934
94
2418
-304
-1492
1792
2879
3275
2739
657
1872
86
-429
-294
-864
-1721
-1300
468
-208
1988
1523
928
-565
1155
2839
1140
2635
193
652
3752
2943
1634
565
1302
2417
3501
1692
2831
3870
1250
-7
-1930
659
335
1321
-771
1341
1865
929
1774
-418
-1110
41
1271
-1877
-1042
1745
435
516
-298
69
-2213
-3272
1405
2744
1666
855
-1885
1394
1857
1750
1528
-1363
2748
2131
1094
1518
592
3806
2450
-268
-2786
-2583
599
2573
-516
-666
2211
1659
-2240
-667
1104
-1315
-609
-347
-1030
964
-83
-823
-162
-2933
-564
-798
798
986
1044
-597
-628
2388
2933
2330
-951
921
315
-996
203
321
2759
2549
671
791
605
-1070
-540
1320
-840
1785
3448
961
-893
-1771
-518
-932
-2515
812
261
-1673
-896
-2968
-1505
-2403
-1547
60
-467
1469
1191
36
-653
-708
4724
1276
-2977
318
1203
1156
71
2346
939
1922
-1063
-2438
119
422
141
-3214
510
2516
-2809
-1817
-2216
1195
502
-2223
-2305
-950
538
667
140
-4791
-3119
-2197
-2323
1669
-1176
-3298
-2699
-151
-2832
-2886
-1171
1976
-371
-1095
-1934
2990
4430
-4885
-1349
2489
510
-2050
-2044
-2263
-361
-1079
808
1117
-2330
-2226
-1148
-1906
-2511
-2035
-1497
-636
806
-486
-4254
-2763
925
462
-2835
-1705
-2831
-275
-2595
-3159
-2293
-2855
-600
990
1790
-970
-598
153
-549
-2038
-971
3525
241
-1024
-847
-142
1952
-1501
-1101
913
1012
1102
-266
-3022
-4175
-2219
-2197
-1489
-1526
-788
-1564
-5065
923
5756
-82
-3284
-2332
-865
-659
-1394
-2386
215
610
-46
858
-1112
291
621
1618
317
-580
1837
2349
-2079
-2125
642
1016
-779
-3313
-611
5126
3333
-1160
-2829
-1859
-235
-1998
-2133
1194
-1718
-2483
-562
-706
758
-391
115
1730
-415
-1653
-2741
-3963
-362
682
-2354
-83
1674
-79
-1409
583
2441
-293
463
2580
1533
-1259
-1944
880
805
-3264
-1118
2662
1813
-382
99
85
713
-172
-2068
-1087
-414
-767
1497
-2347
625
560
-147
-961
297
522
-1472
1202
-793
-1122
-1847
80
84
-207
351
213
2092
2180
274
822
3550
529
-3454
-2081
3291
797
-858
1684
-459
-1540
-2948
-33
2671
445
-504
441
-1217
-3893
128
2441
2659
-218
-2818
-866
-1560
-655
842
1667
1246
361
1100
-1832
-1776
962
553
997
2488
-1476
-1217
1623
1639
1964
-2481
-1085
3116
1086
-1630
1302
830
-3053
-1091
572
-1055
-1466
-1130
2296
520
-2732
2713
1382
-693
58
506
191
-2160
-3798
937
1595
-1674
2177
738
2008
-145
-1750
753
-1465
-1104
49
1284
1743
1991
1586
1708
-1548
-906
2078
192
-192
-1551
14
100
636
-1460
-1389
1741
361
2215
797
2292
1815
-1126
-2772
-1447
2962
1196
-456
-387
-313
-389
-259
750
1881
3599
3421
1166
318
-1938
918
-565
855
4104
1309
-1207
-287
4056
1478
-2802
-1228
1229
931
-1094
-414
-1582
13
2269
219
265
244
2387
2063
-1317
-293
-726
-672
1360
2075
-899
-791
2029
1040
771
153
2621
1757
-1745
380
746
1441
1501
-1782
-353
54
482
-372
1050
2019
-1273
-1635
-1533
-903
1268
1045
-2316
-3182
-1970
325
455
-7
-503
817
-777
-314
-1794
-1598
2446
377
266
-1243
-313
17
-1160
1049
770
-1196
-5298
-3484
2649
1024
2391
226
-3618
-3553
-1522
-1153
-1613
374
1629
-439
-1516
-1508
-4192
-2004
-1384
-873
-170
2830
552
-5548
-3038
-1623
134
-619
-2089
1161
279
-98
-2080
-1063
-1093
1933
5755
862
648
-358
-2720
441
-772
-104
1324
1054
413
668
-864
-3030
-2370
1132
412
1684
277
-2016
-1002
-1283
-1508
-977
3020
4717
-1665
-4388
-1092
-163
-1005
84
2714
3336
-569
-1164
674
-1228
2744
1958
2705
2392
2258
2420
-997
-932
1548
829
-386
-150
1261
4342
1079
642
201
-101
-703
-359
-1519
-2242
623
-1095
-1435
678
2067
-236
95
-205
454
-505
-598
3023
1478
-1263
-1871
-684
-73
-1068
3597
989
-3605
623
2703
-206
-2473
352
4096
-62
-2226
-10
25
-1610
793
3187
673
932
1125
-2710
-4394
-3434
-4528
-2767
862
854
1357
635
-178
-1042
-656
-1304
21
-529
-2044
1065
-1400
-261
2502
718
2562
-1019
-111
4115
2349
844
1282
3229
1014
2018
2557
1636
1931
-352
1515
2925
5112
3821
556
-2670
-281
-77
-1254
-855
1634
3866
3647
2837
426
3856
3121
1926
2655
2979
2518
4549
2255
697
3792
5846
2846
2898
3920
4123
5795
5324
2298
4116
3724
4623
7012
6120
6998
3918
2847
2543
6038
7056
2672
1403
-108
1067
3043
3880
3548
1641
1422
4262
3796
3384
2404
1463
4594
3112
2786
2586
2713
3421
2098
2282
3609
1190
1444
2691
501
1563
1179
1624
2881
592
3336
1851
2826
2362
-284
3001
3126
93
-2279
-1809
-1016
-1834
-2541
-2595
-4043
-791
549
-2059
-2701
-1133
-2385
-5637
-3907
-1582
-425
-1044
-3340
-908
-1397
-3097
-3560
-1401
-109
-612
-3771
-2426
-1029
-2664
-4112
-4839
-2437
-1500
-211
-3710
-3295
-1218
-2680
-5400
-4679
-4281
-4835
-6772
-6042
-4636
-3584
-4796
-6389
-5276
-2850
-4970
-5560
-4645
-7830
-7165
-2987
15
-2630
-3608
-4139
-6862
-4630
-3290
-1435
-3240
-3814
-1349
-3807
-3715
-4924
-3531
-3116
-2493
-2411
889
363
-4209
-4774
-4728
-1547
-3133
-3994
-4509
-6322
-5111
-4872
-2384
-1756
-3632
-5198
-4497
-2644
-2348
-3289
-3683
-2952
-2081
-1561
-609
-1838
-2836
-3416
-4731
764
2346
-1042
-1781
-1880
-799
-1132
-1132
-889
1788
1957
290
851
596
806
2027
-1008
-1898
-913
-892
208
-2517
882
2
205
3817
2199
-1817
-2082
889
-720
1774
-100
743
2790
93
5501
5054
874
3908
2262
2638
5579
5309
4299
2497
1545
4434
4940
3798
4633
3060
2697
585
3896
5947
5040
4894
1824
2425
2135
2612
4635
2975
4346
6372
2331
541
1441
3284
2440
3547
5125
4978
1735
2020
6796
3397
5521
6932
5147
4338
4816
5019
5796
7203
6219
5041
4600
6253
6369
4713
4511
4204
2688
1897
4137
5876
2392
1507
2055
342
2007
5986
5348
3573
2922
1314
629
-1402
2039
4762
397
519
591
228
-607
-279
3431
-67
29
1877
217
153
674
956
1932
2920
1582
-461
-2384
-2565
-491
664
-2795
-2080
248
-2066
-6566
-3817
-2491
-1167
-1638
-3548
-1608
-2349
-1807
-5219
-5832
-4271
-1285
-1213
-4025
-2731
-4729
-5984
-2793
85
-4983
-4230
-4150
-3907
-632
-3634
1461
881
-2256
-4858
-3266
-4018
-5543
-3841
-5144
-1336
-2483
-2133
-3363
-5348
-4264
-7588
-6143
-4025
-2115
-856
-5144
-7698
-6533
-3949
-4116
-2504
-4288
-3603
-2170
-6704
-6588
-3646
-4609
-6352
-4163
-5864
-6348
-4697
-3224
-5001
-2253
583
-1227
-4121
-5025
-5717
-5799
-4237
-2990
-3868
-5912
-5418
-4442
-4326
-7433
-9480
-5946
-4847
-5951
-6996
-6652
-4897
-4719
-8299
-5871
-4172
-3230
-5082
-5361
-6235
-5075
-2972
-2526
-5295
-7868
-7076
-4951
-3381
-3274
-391
-1188
-2044
-2642
-2319
-4248
-1152
-1382
-1364
1750
477
583
125
492
-2370
-2079
2184
1703
-1870
-2652
2357
28
-1828
-145
4731
4120
713
4752
5167
3512
869
2901
5181
6543
5007
1796
4401
3493
2246
3145
3405
6623
8759
3006
183
5824
5779
2039
701
6364
6845
3408
5608
5487
3233
-429
916
4317
2524
811
1839
1397
-473
1519
2575
3823
5490
4590
1673
2192
517
2012
1862
122
1766
1798
4003
2159
1303
840
1132
5349
3226
1603
1654
2305
2106
1528
1807
1536
1999
2532
1544
3048
-167
-636
625
-743
-1762
1363
4602
1249
-441
-485
-522
2747
1129
872
1215
2590
3740
1046
-626
426
491
1069
1389
2636
2297
482
5230
2709
-2267
-648
2603
2751
2291
-1612
-639
2892
2434
2825
3318
3206
978
202
1622
1274
117
-1364
1143
3050
3205
811
916
3023
1603
1423
1999
7266
6941
297
-1092
2947
4516
3935
1694
445
1771
4394
7022
3359
120
262
2948
2849
2511
1043
2579
2446
1503
3497
1292
3277
2539
320
-54
3175
2599
2762
1742
3208
2271
2836
1635
-285
3984
2713
4131
3104
3182
3235
4518
6335
4251
1968
2713
3684
4130
5124
6191
7248
5649
3847
3074
2372
4616
5614
4995
6074
4098
5544
3719
4427
5937
782
5251
8108
4290
5523
7692
7945
6037
2936
2075
4248
7944
6382
10322
10053
3855
3428
5384
10525
9547
7767
5582
3515
8259
6951
5172
5720
7307
8043
5032
5975
10216
6410
3497
4719
5638
6376
2662
6628
5684
1582
5781
5941
7396
4684
6004
6423
3509
3766
3650
2458
3784
4544
6564
5481
2819
4632
4412
4538
1936
1239
3752
5100
2792
908
-2410
-499
2838
209
948
1213
262
1153
-997
-1554
-4665
-3561
-4970
-3345
-3004
-4445
-1527
-4191
-5225
-6333
-4740
-5314
-6151
-5447
-7153
-8150
-8318
-4978
-6891
-10753
-8262
-6418
-6660
-8383
-8629
-10760
-11303
-11008
-8559
-9352
-12213
-11926
-9647
-10830
-12029
-10210
-8047
-10252
-13095
-12213
-14311
-14450
-13753
-17236
-12977
-11970
-10324
-12302
-13139
-12539
-12712
-12223
-12737
-11563
-11478
-11603
-10548
-10101
-11152
-11470
-10465
-11135
-11474
-8935
-11075
-9359
-7246
-9345
-10104
-12075
-10760
-7879
-7422
-10075
-11319
-10012
-7036
-7682
-9017
-7949
-7306
-10455
-11870
-11146
-7513
-7098
-8503
-4090
-5249
-7823
-5892
-5007
-8663
-6796
-4124
-3714
-3712
-7198
-6737
-3199
-5403
-5249
-4377
-3713
-3150
-2579
-5994
-4859
-3146
-5407
-4870
-4941
-2644
-1697
-5739
-5067
-5121
-4603
-1939
-1929
-1489
-3962
-5552
-3876
-4777
-5373
-4627
459
-613
150
-2277
-1439
1416
854
-657
916
4625
3401
-18
-415
1096
2783
3590
2774
3438
5842
6534
2848
4039
7450
7177
7005
6274
2685
3993
5923
5232
5715
5839
7377
6307
6196
3596
3235
4033
3354
2700
105
2345
3188
4370
3968
3796
3166
1309
1430
4003
2606
711
-1691
-884
3177
-229
1230
-286
248
799
778
564
-1445
-1332
1206
-679
-2001
-2698
-2214
886
1058
3000
1717
-382
1689
2419
1649
649
2559
3588
3326
-479
2234
5468
6523
4137
4004
3975
6356
11071
7438
4465
5593
9322
10665
8689
6003
9005
11563
6414
7323
9108
9125
7938
10192
10938
7355
8270
8577
11317
12306
10267
10038
11758
11261
10848
11470
11323
10588
9519
10332
10543
9858
11534
13535
8875
7416
8727
9778
10067
9956
7533
4273
8249
8817
7395
6290
6918
7078
6636
5499
4614
4709
2709
-541
1356
2114
588
-727
-99
-1923
-3815
-3079
-1461
-3519
-5633
-5360
-6282
-8527
-9230
-7831
-7225
-10886
-11524
-12105
-11768
-11507
-12476
-12013
-13140
-13360
-11574
-14711
-12977
-13392
-12385
-13024
-13411
-13383
-15981
-12096
-11925
-12968
-11706
-14037
-15448
-14323
-12723
-12671
-13206
-9717
-11803
-11366
-11405
-12055
-9304
-10136
-8373
-10092
-11464
-7514
-4251
-5334
-7402
-7138
-4948
-5220
-5339
-4217
-5398
-3825
-3319
-2436
-1389
-107
-72
-1286
-1288
-4356
-3160
1661
3279
421
-1290
-7
-392
-1052
2032
2808
1457
-489
928
1298
1119
-156
973
1756
3532
3421
1266
3617
3466
4575
4545
2122
1622
4341
2495
543
1576
2539
1649
2159
5405
4294
2188
1901
4347
2432
3285
5462
5859
3039
996
7490
4773
1668
3309
5159
5343
4390
2770
3573
3906
3394
5944
5542
5365
6042
7197
6548
7149
5129
5047
10537
9018
5376
6185
7272
7735
6892
7091
8819
9894
8857
7744
5652
6368
8490
10928
9369
7914
9499
10711
10311
6455
7669
9534
8598
8489
5663
6181
5474
4763
7230
7101
8779
7890
5709
8531
8814
6915
4549
4779
8091
8463
7192
5279
5982
5564
2774
5219
6537
5097
5908
4813
2870
3003
3757
4073
5553
5628
5646
6004
5045
4787
4133
8280
8431
5753
5807
4815
4692
4820
2530
6451
8758
8123
6604
4950
6620
5522
4032
7400
6299
6692
8961
8320
5505
3749
5470
6834
6596
5784
4781
4479
5178
7006
5191
3590
5496
6731
5814
2971
2034
6948
6899
3338
3350
4940
2035
374
2720
-229
4
-2329
-429
16
-1368
273
-2107
-4965
-6066
-4034
-3460
-3059
-2092
-4592
-6917
-7126
-7615
-6577
-5278
-8401
-9280
-8633
-8214
-6838
-6158
-9536
-10948
-8469
-9680
-9419
-8818
-9850
-7587
-9344
-8029
-7067
-8364
-7907
-9122
-9201
-7918
-8625
-8930
-7871
-6357
-4868
-7138
-9221
-5887
-3482
-6481
-5349
-2149
-4525
-4869
-2631
-1104
-3623
-5663
-2514
-2084
-3482
-686
1288
2683
-160
-1615
381
-585
2517
4211
4162
3039
3140
4169
4065
5769
6020
5168
2054
3736
3501
2550
2854
1573
2914
750
-803
1133
1892
1116
-1753
-5451
-762
1611
285
-821
-6815
-7994
-5198
-5607
-4444
-6317
-6836
-4985
-6943
-8027
-11614
-9320
-9475
-9105
-7862
-9912
-9911
-10400
-11193
-11210
-9062
-10608
-12849
-12807
-11862
-12675
-15174
-13964
-12641
-14831
-16107
-15486
-10885
-13908
-16431
-15020
-16109
-12552
-12666
-11676
-15777
-15585
-12320
-14078
-14047
-14664
-13111
-11255
-10961
-13334
-12388
-10825
-11159
-10718
-9053
-9616
-8611
-8208
-8812
-6245
-5720
-6862
-6973
-6879
-7919
-7859
-5290
-4959
-4331
-4073
-2197
-1432
-4440
-4968
-3250
-2694
-1254
-720
-3363
-3051
-431
-1611
-2297
-2809
-2814
-1312
-2064
-861
19
-1290
-404
1285
238
-600
128
1812
3030
664
1020
4486
5225
5610
5262
5307
4737
2336
6255
5927
5045
10470
10276
10429
5316
5868
7713
7162
12585
9149
6472
9893
11077
11083
8364
8531
8790
8374
10342
8786
10189
8993
6899
10269
7739
7130
8616
9148
7193
7597
9580
7240
8964
7813
4709
8287
6417
3891
5312
5424
6179
6472
7322
6623
4079
2883
3451
5806
5346
2346
4441
6346
4420
5725
3318
2193
2330
2189
3302
2078
3420
4749
3081
3773
3137
4895
5233
1671
3902
7483
5664
4205
7335
4735
8359
7910
4795
7819
7027
7964
7680
7844
10370
9652
6059
9350
10395
7062
6029
6526
8356
9014
7217
6322
6640
6414
7478
5796
1154
5392
7921
6436
4568
2764
4617
2691
2968
4749
2814
4528
2561
1989
4320
4390
4828
3600
-27
1907
3673
1935
1650
739
2927
2236
-1736
194
-1396
-2486
-5350
-4491
-4286
-4559
-6332
-6705
-7884
-8901
-8546
-8446
-10801
-11799
-9532
-10532
-10167
-11077
-13063
-11795
-11932
-11695
-10238
-10372
-10067
-11411
-11989
-9941
-8071
-13101
-13408
-9651
-7720
-10897
-11337
-11237
-11071
-11593
-10177
-7616
-7146
-10177
-14527
-11992
-10395
-9346
-11146
-12611
-11978
-13508
-13415
-10888
-9055
-11924
-13688
-13118
-11731
-12994
-12710
-13120
-10578
-11706
-12243
-9893
-9747
-10047
-10175
-6005
-9370
-10974
-7697
-4727
-2124
-3760
-4118
-4438
-3237
-515
-1513
1108
2620
1509
1912
2573
4486
3337
1517
2238
4643
4358
4464
6359
4153
6631
8037
7005
7220
3920
4171
9655
10636
7860
7862
5527
5991
9105
7623
5697
7133
4150
7238
8676
4205
7935
6783
4055
5499
4133
5231
4828
4827
3346
5105
7644
5050
2663
119
1495
3066
3625
4006
3490
4
-465
3197
5283
1601
208
1320
4522
2576
1988
1996
1790
4180
2862
1070
2509
3101
2275
1824
1481
3582
3881
2762
3029
1344
2979
2718
663
2724
1777
747
3555
4619
550
-825
-1329
423
3083
-30
66
1672
-347
829
-91
-628
48
-1214
-449
205
-11
2878
2251
1938
-478
-938
884
1475
5658
1417
108
2631
3664
3858
23
2293
3602
2854
2097
3636
5836
6475
4991
3848
2404
3549
3856
2336
2614
2491
4920
5272
3635
3672
4431
6509
6530
6874
5444
3227
7507
6824
5511
5655
6177
6917
6901
6940
7939
5073
6611
7305
6777
6137
5233
5732
6794
7136
7566
7215
9224
6829
4771
5068
4009
6504
3916
1106
3081
5202
4436
3723
2898
2632
3456
4397
5584
2075
2701
4943
1048
155
-2370
-1573
1779
1609
1142
-186
632
412
1310
-808
-3240
-774
-1510
-1462
-1210
-3611
-980
1128
-2828
-3842
-4097
-2717
-2595
-2767
-3540
-4498
-2679
-2645
-2459
-4266
-4136
-1866
-2405
-1546
-3888
-3476
-1223
-1063
-2121
-5370
-4997
-3909
-3189
-603
-2634
-2120
372
443
-4290
-3287
-3372
-3064
-2874
-3696
-2823
-1607
-2614
-4189
-4195
-2522
-4049
-4068
-5185
-5898
-4273
-3334
-5416
-7304
-5439
-4057
-6076
-4933
-4382
-5495
-5822
-2957
-4378
-7983
-8945
-9217
-3105
-4176
-11274
-6132
-5285
-5434
-7528
-8342
-5277
-4524
-6449
-7331
-7369
-6749
-5489
-7442
-6939
-8521
-8911
-6020
-5150
-7955
-9736
-9129
-5404
-6475
-9459
-6832
-7880
-7582
-6600
-4477
-3024
-6507
-6942
-6917
-8268
-8414
-6445
-3662
-4837
-4709
-7873
-7953
-4912
-2223
-4319
-3844
-2061
-2476
-1417
-4457
-5428
48
-1823
-3935
-1646
-1193
-1937
-1818
-3272
-2158
-768
-981
37
-802
-2687
438
842
-796
2641
968
1292
2419
905
2004
-1366
161
2318
3483
1756
1710
3658
2102
1801
3547
2736
4618
4631
2724
3903
3493
4645
3586
2732
1747
3051
3181
3972
5095
2716
2282
3408
4190
2004
2498
3026
2771
1983
3543
4657
3708
2128
1887
3175
2286
2807
898
1607
1462
1589
4785
3428
536
898
784
1857
1452
955
1142
3432
2003
1663
828
1965
1995
1285
768
1200
2690
1665
1309
-198
1079
3558
4674
1826
-1014
1259
3764
2796
3208
1727
2269
3582
4653
3407
1841
1813
3192
4538
5202
4012
3039
1590
1661
1391
1938
4196
5864
3092
5063
4210
1993
1597
2491
4961
2664
2136
2821
2822
1166
1089
2372
3413
3721
3222
3375
1810
-549
2139
1844
2762
4543
4792
3170
3403
3027
2325
4269
3084
3955
2165
215
2988
1223
2104
1511
2661
1818
3568
3917
2119
-208
-1351
3140
4131
2867
2124
2518
3386
44
2391
2924
439
2451
3615
1579
220
-793
-665
547
2397
3181
1730
159
1605
1633
737
1842
1217
-77
-222
114
70
-1393
2500
1451
279
1481
171
2477
780
-1243
-476
1041
975
968
1726
3435
-513
-916
2653
3117
3048
2449
1724
401
1545
97
-575
1723
2041
2604
1878
1725
2340
2647
1327
516
2780
2313
526
102
-1880
2704
3967
1045
-1042
1980
4033
2194
1670
913
2339
1320
37
1048
4998
3446
1248
1206
2796
4865
3668
1982
2011
542
2462
4268
3405
3538
1694
2232
3861
3649
2340
2714
3342
3943
4460
3213
1337
1182
679
2773
3562
433
-639
2920
3683
-717
509
-85
3368
1036
-82
3569
637
-305
1539
408
-158
-322
2470
3137
705
-1295
634
2922
-357
-675
-125
1175
1470
-241
-776
1230
1189
-795
-3201
-1987
931
-2133
-1816
-1929
-440
-1341
-2466
-797
-1192
-2891
-841
-1145
-3455
-1960
-1223
-768
-927
-3930
-4891
-3610
-3842
985
1304
1061
-2463
-1244
99
-3489
-3099
-2425
958
1731
-2563
-2338
-1777
1649
-1866
-4150
-4741
-4864
-3517
-1950
-833
-4256
-3241
-3527
-3704
-3031
-965
-2239
-5349
-5206
-5474
-4635
-4170
-3494
-5471
-5247
-5429
-5572
-2477
-3951
-2912
-2580
-2485
-5356
-5691
-4404
-5130
-5318
-3375
-3848
-5056
-4326
-3575
-2901
-3458
-5886
-5819
-6019
-6771
-7599
-5886
-6665
-6932
-6626
-3819
-4129
-6311
-6115
-5497
-6402
-6908
-5556
-5132
-5686
-6459
-6726
-5573
-5541
-4096
-3379
-4121
-4207
-5076
-5784
-5498
-2046
-834
-3965
-6881
-4946
-2121
-2451
-2782
-3507
-1470
-691
-3060
-3120
-4405
-5103
-2113
-1416
-4347
-1248
1158
218
-2234
-3943
-3607
-476
1099
-588
-1618
-2364
-1665
271
-1031
1318
1933
2284
884
1422
288
871
2958
3647
2877
1345
1066
1510
-491
2519
4542
1990
1724
1912
3354
3491
1579
65
2592
1920
1590
3185
3457
1700
-129
510
2596
1157
2238
1784
1453
840
448
2925
2569
2728
3953
2206
1646
1948
1975
2744
3708
1378
1466
767
-464
401
-1107
2905
2713
-682
64
-1709
670
607
-1734
912
154
-3638
-3212
-449
-2047
-3423
-2124
-1930
-2769
-1581
-1773
-1277
-255
-1068
-2823
-2319
-244
232
-2385
-761
-771
524
1096
1502
393
-1403
-2814
-469
1287
-3323
-1057
-561
125
-1106
-2510
-3542
1985
219
-2197
-76
-3163
-512
-3692
-3046
-2356
-2956
-31
-1226
877
-1384
-1466
-796
-2523
-427
339
-998
-2506
-215
124
-1928
1980
2516
2389
3044
3577
1807
285
138
668
2701
1384
2858
1524
-1487
545
2363
4190
2608
819
3101
2329
1294
-6
-1116
1644
1005
1077
924
771
42
1846
2217
3294
2410
2692
5474
-587
-1705
1653
4168
4141
3810
4785
4503
3657
3906
2385
2296
3690
4419
5897
3786
3176
4434
5613
5388
4527
4629
4758
6503
4349
3753
3265
4214
4751
5599
3347
3879
5506
7478
5472
6510
7066
6529
8174
2330
2788
5302
7393
6379
5624
8539
8059
7589
6241
4266
5437
5978
7340
5314
1700
5738
5615
6231
6063
4329
4320
3745
1719
872
1358
3928
2158
2822
1486
1150
3570
-224
315
2205
-61
1716
2927
88
-1188
-603
-389
2207
2130
-794
-1160
-266
1618
2073
147
-204
109
184
-2091
-173
-1433
-478
-3209
-2787
613
229
-895
-5413
-4786
-2552
-1087
-4270
-3957
-4461
-2569
-3265
-3480
-3346
-4445
-2295
-2959
-3563
-4876
-3845
-2796
-5084
-2014
-479
-4596
-3955
-4214
-2278
-1787
-3255
-3056
-2226
-4531
-5731
-4137
-822
-2046
-7117
-4075
-1960
-3210
-3532
-4161
-5910
-5013
-6318
-4184
-2773
-5543
-6536
-3757
-592
-4498
-5839
-2931
-1223
-7027
-7160
-4186
-1865
-3153
-3073
475
-2068
-4472
-3581
-1752
-4823
-5026
-1453
-1014
-4729
-3977
-1436
-1805
-3513
-2781
-2013
-3893
-5112
-2479
-2118
-1994
-1141
-4568
-1626
-900
-4216
-4479
-2734
-413
-3433
-4494
-1363
-13
-1423
-4420
-4060
-839
-765
402
1390
-753
-2918
-581
798
-1750
-3490
14
1412
-1980
-2134
1808
-1192
79
-422
-1366
-2048
-2567
-519
669
-512
-1162
-57
66
-1370
-4123
-258
278
-2057
-872
-2171
-3068
-742
-211
-766
-565
-1726
-173
1018
264
-247
2503
2123
68
-154
-578
-595
-927
-36
1430
2337
260
2796
-1157
1608
1841
-2252
-696
530
879
-299
1757
1941
1064
322
1438
1039
3198
1164
-1802
705
-597
1302
3961
3438
669
341
3379
2230
3156
1927
2426
3105
1702
52
3140
3796
3079
3935
4435
3251
1646
1423
1880
672
1947
1908
1022
3473
3438
2071
3466
1088
859
3909
5442
3177
1003
2370
569
1745
2324
1182
4602
1730
113
2662
4921
3803
35
1363
3221
2540
1986
1885
3039
1759
3338
1985
-452
-388
2617
4238
-1350
1057
3133
759
792
3484
2492
1770
158
-330
289
229
1910
2675
2082
-251
678
-436
2815
1995
1158
3271
1997
3893
4318
2363
757
1312
1778
2911
2880
2552
3858
1223
2723
2597
7
1692
3069
3620
708
632
1911
1388
1679
2420
3230
1945
1974
1167
-649
906
1687
2522
2448
1633
658
2050
2321
2368
2547
331
1562
3662
2404
1105
1177
2368
2026
2005
2387
3151
1530
-271
-907
2260
2910
-798
281
1819
1418
-536
611
3187
-623
-1592
-1723
697
1864
-517
-576
-3592
-765
972
1562
973
-967
-1605
-3155
13
-1558
19
1870
-1041
-76
-57
-82
1353
118
-1482
-1308
-2190
-926
-180
-725
-1018
-1482
-1541
623
-158
-830
-1151
-14
-1952
-3883
-1346
-1661
-2893
-2418
-804
-1039
-2403
-1906
-2141
-938
-3101
-3313
-3562
-2638
-1437
447
-246
-2453
-2544
-2676
-2606
-1118
-847
-1391
-3010
-5362
-3717
-1913
-2564
-1215
-1435
-3426
-2791
-160
-1834
-2628
-3064
-2432
-2680
-4432
-5596
-2896
-2754
-3259
-1086
-1143
-1048
-1665
-3645
-3662
-614
522
-2577
-3433
-4796
-441
548
-2053
-1859
-2524
-2313
-1222
-229
-2816
-4560
-2877
-1410
-3126
-1317
254
-1778
-4458
-3472
-179
-2525
-1499
-1176
-3856
-4589
-3728
-4841
-1701
-46
-1784
-1349
-1293
-2207
-2027
-2201
-1451
428
-48
-2660
-2510
2068
155
-919
-38
-733
220
2085
-739
-2328
-132
-181
841
282
-1656
290
-132
-2502
1116
1445
-1103
-1057
-1049
-1197
-1208
-2492
-1923
-992
-2461
-945
-972
-751
-1865
-2809
-2028
-828
-670
-1048
-3088
-1999
184
-1891
-1072
-1231
-667
-1424
-2224
-1198
-1319
-1479
6
1616
-1465
-3061
1139
-1112
-445
-233
-634
1521
2297
-496
-2758
-3385
-2064
-1229
1578
1403
-609
-529
776
1860
-704
1615
1840
1356
756
1936
991
1757
2527
1471
375
2777
4502
2135
1044
4179
5328
2517
1824
1739
4541
2140
676
1658
1694
1744
3710
2956
1775
2288
-209
1199
3675
3893
2781
1849
2882
1358
2874
2141
4091
3285
-1824
1972
2478
4920
4382
2478
3750
2907
2044
3576
5380
4228
3591
3078
3381
4202
3530
1517
2939
1799
-970
1151
1694
4133
4162
3385
476
-1337
1256
4699
4466
1087
-386
1344
2194
1072
2056
4583
1494
-960
-935
1615
3614
1479
4663
1508
369
1851
1295
3835
2616
121
897
3889
3552
-1010
-955
4446
2405
-621
-619
-1043
958
486
704
-2578
-3968
-1781
1122
1541
-1031
-2802
-1719
-859
-3025
-761
-1208
-1075
-2031
-4017
-2861
-3522
-3274
-1976
-1765
-1077
-1818
-1030
-2570
-5293
-2108
-781
26
-1601
-1144
-2490
-3870
-2373
-2230
-3712
-1418
-2720
-3608
-3733
-7751
-4722
-1511
-500
-3442
-4505
-1795
-1121
-2547
-2941
-4738
-4132
-2647
-3526
-990
-2414
-5354
-4759
-1952
-1738
-1104
-707
-1901
-1382
-1357
-1945
-2066
-98
-1354
-68
-1752
-2260
-695
461
-2244
859
2768
-2583
-3894
-3629
-1916
844
3131
1200
-485
-1794
-522
479
-468
230
-741
-1780
947
-78
4
-684
-584
803
-1533
3523
3832
-170
1166
1464
2745
1384
638
1334
620
317
437
2708
1925
2748
4679
4320
-543
-3240
749
1355
1231
2780
2705
2115
1207
-1229
1555
2902
1708
403
-111
1119
1509
-809
2870
3829
86
3124
2970
1502
752
2288
3482
3258
1807
1539
1901
2558
3117
2296
1987
2401
3003
4980
2890
1906
2735
333
329
1731
3353
3373
2605
1514
2606
3441
283
1075
1190
722
2718
1087
2087
2483
2934
2124
-228
2946
1911
1178
2109
4366
760
-177
3618
2814
768
-1265
1628
4068
3973
3732
4093
1700
851
1501
2532
3691
883
801
830
2819
2212
1420
2372
-399
111
3638
-50
-202
2107
2034
2519
339
1226
2673
1528
1546
1186
1454
1951
666
1603
2464
1870
273
-1571
2029
3168
2334
4413
2771
-1303
889
2779
3328
1282
173
1901
462
565
-512
700
1947
-480
106
-358
-838
1457
406
-516
-62
329
-1258
-200
412
346
-463
-136
318
-1602
390
978
1062
-1827
-1357
426
739
501
432
-2678
-2142
-465
-542
177
1813
1198
-1393
-2216
-956
-115
-1145
-1460
-2175
-1970
-1473
-2845
-757
-2409
-3378
-948
-2188
-2816
-3613
-4402
482
720
-1400
-2706
-3537
-1266
-1643
-3159
-3058
-1567
-3712
-2964
-1761
-1594
-1667
-3625
-2089
-214
-1614
-3621
-150
603
-2953
-4269
-2595
-1469
-2709
-3865
-3242
-2948
-2761
-3168
-4556
-4797
537
-1053
-2957
-5936
-5942
-246
-1087
-2143
-4711
-2737
-2223
-1789
-3439
-5460
-1705
-848
-2269
-3276
-4167
-2313
-1046
-333
512
-2169
-3309
-1575
439
-59
-1766
-2811
-6062
-2128
-1470
-1828
-3177
-1467
-2239
-4978
-827
-1708
-99
-1313
-4810
-3848
-2493
-1564
-1616
-1281
-1217
-3603
-1803
-317
-2403
-2653
714
-233
-6724
-3701
1277
1200
-3459
-2088
2720
-259
-2460
-875
1020
-1074
-2094
-728
-1543
-2099
-993
264
-2297
-3940
-1278
-2550
-140
940
-1222
-1776
-1612
-781
-845
-828
-1265
-1767
-330
187
-763
646
-407
-2528
-2787
-1941
-1705
-1229
-747
-83
2421
124
-259
-1933
1897
1968
-744
1080
323
-127
-3023
-175
-1142
-1039
1402
-278
-442
-4419
-1994
674
-146
1382
80
111
-1163
-249
-1796
654
-410
-780
1734
-917
-1955
-2721
998
1653
18
776
622
1394
898
1777
2404
1550
1943
256
-182
-287
2754
1295
-676
1374
390
2756
3357
1097
-2716
-1082
2077
2760
2409
2427
2664
1341
-413
578
2705
3127
-971
2428
123
1696
2850
-1127
746
5646
4144
-1360
-1225
505
4419
4358
2415
666
2274
3517
106
1500
4132
759
-902
3214
4714
725
247
2697
4022
434
18
147
1721
4070
1443
3500
2964
2435
1149
-389
484
1719
3114
-983
504
2880
2002
2087
2366
192
683
1771
1638
3945
1477
2186
4283
-397
548
3406
4514
2488
-154
-709
807
1163
1393
3737
1448
-2215
-590
794
-437
2416
3112
2090
2873
1622
-2158
-3039
-243
971
1248
2137
1154
261
2221
2639
571
574
327
-1954
303
1803
943
734
2655
481
791
1541
1488
238
-1591
910
2189
2217
728
-429
-253
-184
-57
-1052
-938
1864
3848
2236
-1651
-3407
-2572
783
-104
-586
3026
-21
-1654
2708
3064
-1475
-1363
-3055
-841
-1844
-1715
-1570
-972
286
211
1016
-1108
-749
61
605
-1953
341
708
-880
-2002
-1975
-1323
-976
-976
-1520
-491
2097
198
-4863
-2897
-1282
-1972
-3494
-1530
-1939
-2190
-638
-128
1197
-869
-3489
-3223
-277
-1562
-2881
-2169
-1194
-2210
-2193
-365
1457
312
-2676
-2652
-1549
-1892
-302
-646
-2595
-3596
-2038
-2356
-1435
-254
1783
791
-4012
-2787
-1880
-1788
-3210
-1899
-973
-2660
-1478
-1160
402
1392
-1490
-2510
-189
-2289
-211
-959
-2350
-161
76
67
941
-519
-384
-465
-1971
-385
-901
1210
-90
-2503
-111
-1551
649
632
3443
4523
-1037
-2201
1281
191
-2750
594
-558
-208
27
-2109
73
1730
-255
-1379
1033
-700
-1121
-340
1987
-68
-2847
-122
-387
364
-673
-153
97
-206
-162
591
-1146
-1596
2137
-905
49
884
2039
1795
638
-906
-994
1935
2939
1119
-389
-1133
-1838
-1384
548
1133
2681
42
-1524
1524
2641
328
-905
1727
4139
1954
-665
2118
2257
1231
127
1709
2718
1794
-1428
663
2622
1099
3059
2258
1797
4351
1831
-20
2673
2761
2948
3714
2920
4298
2251
-1036
-1243
1346
1923
-626
957
3721
4095
1644
2290
-3
1369
3616
2742
318
122
1676
-674
152
-774
722
-1824
-1082
-355
-515
1336
-764
-3795
-525
3802
-276
-3267
-2876
-2631
280
5
365
36
-3445
-4993
-3428
-4980
-6240
-3738
-3483
-1863
-2531
-4388
-4433
-3717
-1122
-4397
-4200
-2334
-5092
-6180
-2538
-3919
-4355
-3502
-5569
-4655
-4158
-2057
-2512
-3440
-3468
-2250
-2570
-3563
-2877
-3726
-1560
-2216
-1867
-2143
313
-2654
-4480
-242
-2700
-6904
-4475
-1241
-2789
-1650
-2012
-3932
751
-293
-585
-1614
-1382
-1155
-939
127
-1394
650
280
56
-424
558
2518
2024
1903
3038
1976
2022
5101
2823
5790
6911
6656
7151
6471
6347
6054
7979
7625
5236
6301
8274
7775
9010
8773
8710
9194
6632
10967
13400
12215
7766
7760
11170
8026
9178
8820
9439
7936
6240
9136
10005
8052
8001
5349
4351
7849
8829
9195
10054
9479
7283
4900
3754
6169
9078
6309
3454
3025
2553
3818
2147
1349
4863
3348
-1585
-1486
2597
3853
-198
-57
1334
1271
-1655
-4942
61
1037
-1368
-2278
-1325
1147
101
-3236
-3634
-4366
-2090
1791
426
1517
1293
-2601
-968
-1551
-1157
434
-51
-653
-804
-1401
163
544
1469
337
-3307
447
1183
-1015
-1654
-828
1381
-683
-1664
-130
498
-2537
-1866
114
-1977
-346
1587
-394
-4596
-6354
-4477
1116
1914
-380
1136
-1272
-1882
-848
-2579
-3716
-3711
-3106
-4449
-1575
-492
-1002
-2916
-3691
-4554
-2960
-3578
-6311
-6307
-3222
-3145
-4821
-5896
-4491
-1879
-3001
-3949
-4729
-8237
-6014
-4448
-3486
-3736
-7615
-11034
-7052
-3055
-3195
-3486
-2873
-838
-5293
-3319
-4576
-5210
-6493
-8553
-4719
-2476
-1329
-2792
-4935
-6932
-4278
-4026
-6861
-5638
-3275
-4641
-3635
-4289
-5594
-5141
-2241
-1064
-3948
-3104
-3180
-2589
606
-278
-2217
-5605
-3800
-2753
-852
-272
1960
4428
1975
391
1686
1683
-2578
-2160
270
1749
1762
507
3792
2688
254
-269
-597
1400
-983
839
366
-1177
-12
531
-586
-1330
-2287
-1348
-1080
91
-1014
165
-2121
-4141
-2291
215
-83
-2319
-672
1418
-150
1606
290
636
-3276
-2729
-4348
-772
-867
-3533
-2100
-1593
979
-2147
-3993
-5575
-3478
-4821
-6897
-3644
-2339
-4184
-6834
-5257
-30
-5797
-7540
-4147
-5058
-3372
-4916
-7821
-5623
-3906
-3571
-2953
-3273
-1064
-1141
-2518
-347
1745
-1071
-560
-2874
-395
828
-3051
-1704
-1097
-266
966
-638
317
810
-3813
-102
2387
940
1583
-805
2538
3165
1447
1700
4309
3434
5733
3279
1857
3445
3982
3705
6777
4799
4116
4695
5410
8183
6458
7268
4700
4594
4855
4800
5945
5055
4232
4605
4287
7316
5995
3282
4994
5304
5613
4750
1432
2803
6095
6479
3218
1487
5594
6188
1903
2211
1572
1762
988
1052
4331
4150
637
2173
3147
3767
3398
2029
2164
1095
3538
2231
-1799
1897
-559
1459
4437
950
2488
2487
152
997
2687
891
-366
1090
699
2502
3880
482
1382
2328
2262
1933
219
861
-3197
-3871
1808
2376
-1751
-751
2880
1894
-986
-2074
837
601
-1682
1976
1136
-2929
-3639
-3127
763
-1033
-3838
-709
-2497
-2655
-3654
-3775
-2475
-2701
-4672
-2989
-865
-2538
-6215
-3156
-1366
-2471
-827
-3258
-3655
-5208
-3829
-3527
-3795
-2103
-1943
40
-582
-619
-1082
-227
-943
-2810
-1177
1143
198
-2796
-3008
7
2281
-251
-1549
-1938
254
-1099
-6338
-2406
-918
-1790
-3289
-1337
605
-6017
-3747
-3667
-3608
-3869
-6070
-5740
-5343
-4479
-4753
-4723
-4984
-5990
-6315
-4832
-4985
-5154
-5724
-6435
-4404
-4651
-5224
-7885
-5984
-5634
-4434
-4464
-6160
-6395
-5775
-2878
-7597
-8694
-7321
-4025
-4636
-5841
-4921
-6499
-6647
-6347
-4305
-4770
-4694
-5980
-7330
-6530
-5970
-2792
-4007
-4839
-5484
-5178
-6206
-5168
-1873
-3668
-2662
-2891
-243
-2065
-4849
-2670
-1311
-2366
-1252
-1314
-3860
-2601
947
-373
-4383
-467
1215
-1061
-309
2118
1891
-463
-1062
4307
1721
-807
1764
3094
2897
1854
5084
3706
4409
6044
3005
3455
2027
4874
6147
6342
7711
6185
5419
8640
7561
6157
6505
7475
9404
4522
5113
8881
6443
6622
8629
8974
6758
5359
8119
10795
7803
7041
5966
5136
4329
7250
7094
6660
11217
7418
7848
6682
6110
3888
5384
7230
4332
5702
7148
7927
5574
4348
8145
6208
4845
3599
3594
4701
6574
8555
3212
2343
4034
6340
4097
2676
2423
5658
4236
2997
4519
4353
1869
871
5068
5249
5299
6496
4356
4415
4098
2396
1231
-105
9464
7060
2301
3870
4208
6818
6364
4044
4740
2414
2530
5361
5272
4454
4329
4827
4355
2335
2993
4885
2202
1569
6654
4052
2471
2138
886
1150
579
2173
2342
830
2866
3260
2811
-764
-1577
-643
2117
651
-123
2694
181
134
-365
2858
5318
-645
-2072
-1568
-3330
1127
1781
-1515
38
-951
-661
-829
-3479
-1438
-775
-2277
-3830
-1648
-3975
-6002
-6970
-1751
-1095
-5567
-5094
-4908
-4549
-6187
-7762
-7710
-6813
-7527
-5503
-5546
-7357
-3523
-4855
-6728
-7287
-7401
-5513
-6134
-9294
-8638
-6550
-6226
-6114
-6256
-5470
-4842
-2267
-6297
-6905
-4221
-5898
-5546
-5337
-3457
-3359
-4817
-2553
1944
-224
-4641
-1661
-211
-2868
-1763
314
-2822
-4856
-331
761
73
681
1811
-3672
-2371
-847
-929
-1638
-1520
-2381
-1996
-3149
-2720
40
-2099
-808
271
-2339
-3685
-1831
-2388
-2776
-4851
-1927
-1420
-2023
-2177
-644
742
1524
-144
-2010
-1728
978
814
-494
-1191
571
3447
2147
4153
2610
-263
1801
1080
1300
2729
1364
1558
1335
-730
-507
2604
1793
1579
2511
1440
1001
1711
-692
260
-2968
-3785
2459
2444
2687
-1055
88
2795
2401
-1358
-3048
-1138
-2507
274
5409
2241
1633
414
336
1061
2756
1827
-2064
-1691
-1120
2508
388
348
789
-2307
1229
15
-665
185
-1430
892
2969
867
-4976
-3740
-982
-592
2795
233
-589
-1115
-1790
-1028
72
-2739
-1661
-1645
1227
-144
62
1339
353
2374
-3204
-1727
-5
-303
824
196
-3544
-3295
284
-421
-2279
-3420
-445
23
-3720
-2578
-687
-908
-3219
-5920
-5509
-2959
-2442
-3401
-2580
-2710
-2442
-3134
-5972
-5941
-4391
-3854
-4781
-4747
-4103
-1210
-2967
-4230
-3920
-4278
-4999
-5519
-5352
-435
-764
-5277
-4310
-5204
-6420
-6588
-4650
-2717
-4808
-6269
-4795
-2820
-3538
-5624
-6133
-3064
-2680
-3644
-2689
1696
-2460
-4491
-2233
-2291
-2836
-4257
-2461
122
-4610
-1572
2302
1978
1792
214
-856
306
-204
838
3093
3816
2615
1776
3515
924
95
1310
2401
5125
3126
-2658
19
4477
3399
3381
4937
5312
113
353
5094
7071
2117
1602
6321
4700
3141
911
2437
5770
4934
4335
5809
8366
5055
5228
6295
5543
8111
5857
6496
7540
7056
5183
6698
4414
3134
7480
7654
4664
4942
5660
4770
2199
6137
7786
5389
4004
4240
7094
5853
4802
4368
4994
4971
4345
4676
3002
2020
3918
5459
6203
5710
6144
6234
4543
4215
2650
5519
7297
6935
3480
2938
4328
3259
4711
4919
999
1237
4043
3366
776
-1284
2903
3960
511
2314
4280
3618
-352
1335
5241
506
-2089
1047
3152
-1702
-1766
1549
1809
881
480
6449
1887
-2100
1880
1728
1201
1446
3137
2524
2582
1502
-714
-960
1253
1260
202
-289
-563
-1075
-1097
319
1181
320
-1162
832
450
-1463
-3781
398
900
-1278
-412
-1757
-2349
-5212
-1580
-626
-2931
2334
3499
448
-2568
-1304
-878
-1833
901
394
1678
-1191
-2692
-695
1424
-2662
-1767
171
-3194
-218
-2915
-2800
-2219
-2705
-3124
-3246
-1308
-2181
-3117
-3918
-2932
-2152
-2289
-2240
-3810
-3708
-4968
-4324
-3238
-916
104
-350
148
-781
-1535
-2652
-3195
669
1460
-407
-1083
1362
1865
666
-981
-491
1326
653
-515
669
1214
609
1869
91
1297
2007
-889
881
1781
132
-44
1024
1520
-106
281
1241
-499
-3425
-2273
2616
1640
-458
-33
2038
388
-6375
-3416
941
-1863
-1638
877
78
-1753
-4319
-4740
-2480
-3760
-4722
-3285
-2304
-5465
-5958
-4463
-6274
-7291
-7470
-5787
-7663
-4624
-3278
-5571
-5082
-6409
-4582
-5332
-9900
-8822
-6633
-5643
-5243
-4811
-2386
-3947
-5158
-5781
-7922
-6211
-3766
-3701
-277
115
-58
-3148
-6201
-3389
-2990
-1842
-3541
-2367
-1325
-5166
-4201
-2638
-2696
-3037
-4282
-3649
-3711
-2387
-3324
-4256
-2886
-2561
-3142
-3281
-5800
-5289
-3633
-3299
-1656
-3996
-2743
-2400
-3443
-2403
-1273
-2165
-2687
-543
727
2001
-1916
-2751
-3269
-272
-1142
-673
-1788
305
3701
65
-2259
-1715
873
-1920
-440
365
141
1976
-176
45
1479
1256
449
-647
827
1094
1153
305
2127
3994
1610
2363
3398
3968
3044
1896
2066
4157
6071
6239
4985
5762
5390
4406
4089
4546
5919
5445
4677
5171
2302
2366
2419
3530
5218
2824
3392
1084
2390
3289
1748
2630
3035
2767
901
219
-1022
430
1319
429
2373
3636
4915
4720
2035
1375
2199
3531
4450
4656
5059
4870
2739
3117
3798
4550
5394
3264
3908
4447
4511
2951
1933
4966
5756
4642
4134
3420
4403
4265
4660
2508
5959
4844
1787
5426
3106
4447
3789
2155
4521
6668
7491
4658
4600
5810
5156
4958
4004
10273
9814
5012
3250
5537
9544
7942
5808
4925
8251
6474
3592
3213
5190
6783
4667
3906
2605
5110
3274
1434
4724
5815
2510
1158
724
2223
3474
566
-1381
91
244
-220
-875
-731
1883
2297
-2691
-2401
501
1506
-480
-2553
-1100
-446
-831
-1332
-2183
-2517
-4014
-159
-2053
-6832
-4583
-2619
-2765
-3077
-5771
-6122
-4843
-3856
-3690
-6402
-6911
-5878
-3269
-6896
-5606
-5085
-7181
-8545
-6350
-6205
-4246
-1045
-3608
-3658
-5013
-4726
-3713
-4277
-2704
-2261
-1833
-3366
-3204
-2528
-4215
-2837
-1756
-4065
-2644
-2735
-5884
-3899
-2696
-411
-2842
-5606
-3893
-3616
-2121
-2985
-3419
-4815
-4761
-4190
-5212
-3490
-4563
-4810
-4679
-2879
-1311
-2776
-2318
-5208
-3016
1353
-2542
-4711
-4975
-3194
2742
-1547
-3604
-2613
243
-1799
-3629
-1330
-1728
-1792
-2601
-1547
-1638
-202
-1676
-4362
-4054
-252
-1466
-223
-1502
-1675
-2687
-3173
-329
-3517
-1449
-3140
-955
987
-821
733
1871
1644
2442
3216
1508
1263
853
2457
7399
4436
4437
3526
4426
5195
2613
5142
3999
4362
5056
3641
3708
4988
3726
2913
2658
2470
2777
2658
5297
4392
1605
-1006
-199
1371
1469
1113
92
-653
1811
2796
3010
3335
374
402
2424
1488
-745
166
3496
3345
1494
1845
-2668
-728
1329
654
-830
-990
-217
2174
2366
-1593
-1302
-1448
-2040
-2720
-2524
2275
-529
-2520
-2005
-2731
-3040
-4138
-3036
-356
-744
241
-2413
-2769
-11
2258
-308
-1840
-356
-421
1232
-128
114
569
1517
2377
1398
-1333
-285
799
484
-751
1653
2126
1161
698
-38
-1869
1060
15
1425
238
67
1106
1595
1458
-3982
-2849
-1793
1633
2360
158
-2200
-861
2005
3003
548
-1017
495
1128
2235
1902
1419
1899
1858
2648
1560
-1035
-1202
26
2502
992
-2326
546
1372
363
-2726
-1712
-284
408
699
-3371
-3061
-1856
-561
-2177
-1794
-2776
-3469
341
-376
-2017
-3062
-2901
-481
1382
-253
588
3297
1634
2376
488
600
3442
2263
2340
1466
496
1962
2429
2837
2531
2167
2118
3587
3557
1106
403
3179
2256
61
1269
3263
1361
-2237
-192
684
2439
-416
-1852
287
-630
-1441
-62
-1116
-2454
118
2586
-312
1859
-1082
-512
1042
-726
-1680
-1826
-72
-625
-1466
-1493
-2050
-296
-47
-182
1370
-2994
-3443
-1479
-3892
-2936
-1825
-4260
-2462
-2172
-2746
-3910
-2289
-2055
-6134
-4867
-4115
-2611
-2169
-6659
-4805
-5077
-1579
-905
-2998
-833
-1793
-2213
-2594
-190
-2182
-4470
-689
-561
-3384
-1831
-1396
-306
454
-1907
1606
-613
-1668
-707
-1020
-2423
-2541
-2513
-2812
-54
1267
-570
-891
-225
-5062
-737
2583
-2653
-4141
-2799
-1845
1698
849
-383
758
-386
3603
-22
-1579
1604
1827
1384
-953
-346
-51
2382
3310
2709
2928
1196
3448
4261
864
1592
2467
3221
-326
-589
2962
1885
2074
2635
2603
1569
1590
3867
2641
799
-2943
-2640
4623
3228
3481
3754
2082
4361
3030
535
2244
1233
3666
5158
-672
-771
2362
4774
3574
3595
4703
2706
3046
4634
1378
1295
2246
930
1973
1925
2932
1052
2370
1223
2163
2754
2672
2810
1770
182
-843
-385
1510
1537
462
2174
1197
2814
2825
1482
650
3816
-55
-2057
-854
-942
2804
1646
3017
2984
2561
2588
440
2069
-1418
-952
1118
1844
3867
872
-1780
-2072
230
1584
638
167
41
2254
1876
-1277
2171
-1638
-2679
421
1231
2556
1303
-1392
-1584
3015
2414
2245
-464
-1862
247
-607
-493
2221
1914
868
647
2577
27
-2495
-2968
-221
576
125
-875
-986
-1243
-929
-832
-4062
-3095
154
273
-3373
-4607
-1906
2257
-555
-3673
-4624
-182
2394
-776
-1553
-3103
433
-2
-975
-853
-32
-868
-950
1437
-296
1621
1360
36
2479
2710
-1016
-53
1031
-213
358
2004
901
390
1233
-18
-3571
-905
1146
2053
311
-3183
161
1620
-523
-2826
-3795
-2268
-1829
-117
-1442
-840
-1896
-2891
509
2581
-2593
-3704
-1790
-444
-800
-1005
-1527
-760
-1259
-2381
173
-695
-2699
-3293
-2027
-222
-3381
-965
151
-755
-3066
-1763
-1238
-1581
-1016
-2587
-1296
-1283
-1281
-3297
-4351
-2536
-3367
-1881
-735
-2194
-1503
-1228
-963
1402
383
232
-55
-1866
-342
711
-3052
-844
458
2350
392
-32
1388
134
1249
-1186
-159
1951
1226
-605
-2725
117
-1921
-3684
-696
145
665
54
-3224
-2198
1908
-1357
-2642
-1807
-1422
-192
-906
-2572
-835
488
-461
-408
-1809
363
809
-2771
-2997
-1316
1133
-943
239
1666
1077
333
-4816
-899
-1497
-1079
1995
-829
-1685
-1556
-3433
-4067
-572
-455
-1405
-2201
-2219
-2143
-2804
-1757
-2693
-6205
-3400
-2211
-2694
-2605
-1470
-2309
-5063
-2360
368
554
-2815
-3810
-1508
-2242
-2480
-1739
-314
142
-206
-1436
-848
-3341
-343
-632
-1840
1716
678
-869
-1835
-2705
-1027
1775
-1306
1021
1861
-1565
-2842
-904
1302
-2019
-825
-816
-388
1428
1632
1739
1951
1476
39
3056
2504
2292
9
990
3114
2446
2971
3494
4200
3608
2896
2476
4080
1458
1299
3286
2744
3206
2725
926
-1021
2534
3939
2125
3419
3843
2055
765
717
-1077
791
668
2750
3922
1361
2357
2454
3213
3288
819
3971
3807
852
1807
342
100
5138
5378
3615
4710
3435
3280
3036
881
746
3090
4087
4995
2392
316
-1203
381
2596
3267
2894
2759
2089
-347
-2595
-1951
-609
2010
-49
-4
1411
-1291
-377
2865
582
1099
967
1028
2156
-346
-3875
-1812
1818
1662
3114
2296
259
-38
-518
-1240
-1584
2054
3869
3825
473
-1996
-1369
-632
1875
-274
-249
1219
-392
-165
-2473
-1550
-2093
-292
872
-398
-415
-2319
332
2817
2485
1881
2064
1529
773
512
1623
1580
1179
-372
2267
3501
3775
2359
1270
310
2530
2061
2204
3268
1834
452
989
1560
1823
2273
446
1373
1681
729
13
-177
1077
-800
-823
-1044
1939
3682
226
1980
3635
3001
1510
-2051
105
2514
2412
482
1301
2946
2873
2025
1158
5388
3037
459
1112
2494
2350
1295
1301
1599
3358
3132
1652
1401
1101
710
2070
2003
-1746
-712
-1403
-2153
-2580
-768
2082
-993
1411
3809
1850
1286
-346
-270
-1487
-2602
1207
884
2565
1878
1567
2235
-1111
1353
1390
3544
2301
617
-939
-336
2383
1702
1428
335
1075
-1311
-1458
1482
654
-379
-3573
-3631
-1252
-161
-2765
-2005
-1543
-1829
-429
-492
482
2946
-1759
-2180
-1191
-2081
-2032
-1631
929
-1450
388
-236
-2997
-454
-863
2017
-114
-2864
-3810
-1499
-740
-2660
-1826
-765
-2571
-3173
-5141
-4439
-2176
-3915
-4874
-6798
-5696
-3587
-4978
-4817
-5865
-3400
-4251
-5289
-2400
-5243
-6624
-5573
-2984
-3943
-5289
-5830
-2273
-1793
-5236
-4380
-4452
-3397
-1357
-1086
920
-2789
-6010
-3137
-3539
-2849
-1808
-620
-2274
-4143
-2712
-3601
-4694
-4818
-3954
-3873
-3929
-1144
-5495
-6056
-2182
-3038
-3504
-2144
-3004
-6021
-5771
-2614
250
-3107
-4733
-3361
-859
1859
-1658
-1295
-1106
-1877
1697
1786
1061
246
-3025
-1457
99
-469
789
2146
-41
291
-1391
-2979
-1074
-500
-1027
-2306
-1024
-760
-2285
-1608
-1345
397
-1989
-1744
929
-393
-2295
-205
1700
3875
834
-486
1641
-73
-47
758
294
1666
3240
3745
1363
3018
855
1867
1424
1456
4136
2443
871
510
1371
934
-462
-901
-17
307
1529
658
-1451
-223
1014
-73
-551
2639
829
-1190
879
-186
-46
4781
3160
-114
88
-2234
289
969
686
3667
6991
5455
2185
2370
2747
1773
1693
1106
3598
4422
175
226
2844
3962
1404
-1526
227
1327
1933
-129
1044
1907
-65
-380
1553
533
-3722
-971
2582
-716
1113
2485
4860
3041
-386
858
2526
3338
3827
4081
2146
5807
6327
2625
3740
4316
3566
1950
5161
4790
2626
2735
2568
4654
3534
3397
2861
1260
2336
1369
820
307
1544
2169
2800
-961
870
1303
625
1664
-505
4398
2791
-294
2452
624
-498
2389
1044
3597
1041
2218
2484
2017
1998
1128
3017
2661
-542
-1334
1038
94
-1392
-2774
-929
-1123
-1999
-1806
-640
-2141
-2720
-4251
-5863
-3312
-1791
-1232
-2412
-5906
-6566
-6269
-3040
-1265
476
-1492
-3029
-4946
-4226
-3824
-3087
-1073
-226
1463
-470
-2795
-3059
479
1750
35
-2622
-3338
-605
-946
468
-1409
-3986
-2777
-2228
-596
-1693
708
124
-3815
-4634
-5206
-633
-2220
-3536
-4934
-4360
-987
-671
-2058
-2350
756
1059
-1427
-2512
-2174
-2944
-4303
1272
3132
2
705
572
775
-345
-2879
-1198
-969
-1852
-385
312
-3203
-3150
-2847
-3009
-1396
-1438
-964
-30
-1875
-5669
-5967
-2535
-559
-3198
-4282
-2482
-3090
-1882
-2336
-401
993
1127
-1292
-1716
-2367
-1726
-265
2765
4045
334
3635
5114
3771
853
-540
394
2373
2526
2721
2743
-751
539
1538
22
1029
2696
3916
1998
1396
384
-1785
-239
358
-1496
-713
782
1805
1026
530
3090
3823
4109
2595
1087
-1031
220
4615
4392
2638
3950
3878
5987
5711
2146
3362
4191
2304
4530
3783
2433
3407
3225
4897
2865
1362
4078
6290
3420
2730
3080
-322
-1010
1391
3760
2836
825
-1064
1233
3941
5345
4559
3010
2994
4182
1756
1509
3513
3699
3780
5616
6789
4487
3696
4456
4050
3051
2107
2490
2219
2287
4296
4058
1720
1866
1545
2910
3986
2395
2895
1069
-2610
-143
1073
-718
406
2694
283
-1626
194
2117
-537
1663
2482
2297
1645
963
342
-136
2453
5020
6209
2133
3096
5919
3361
4
49
2226
-1770
523
5748
3811
1231
-1234
-238
1590
756
1703
371
-924
-669
50
-1711
-3488
-1318
-300
-1171
-3100
-2824
1184
-773
-3115
454
2432
850
-2016
-2609
-1617
-2244
1028
2893
118
245
2258
522
-3496
-1427
-627
-1540
-4089
560
3000
-168
-3313
-3770
-2724
-1899
-474
-793
-3052
-4587
-1695
-2786
-5041
-7683
-6042
-3574
-3617
-6711
-7184
-5259
-972
-125
-2784
-5948
-5329
-2195
-4882
-5433
-2412
-1493
-1253
-3327
-4555
-4680
-5497
-2020
-1954
-2934
-6433
-1352
745
-3259
-5447
-5543
-4434
-5607
-5076
-1846
-188
-4602
-5440
-5004
-6565
-6604
-5117
-3829
-5113
-6663
-7195
-4041
-4853
-1291
354
-5439
-7292
-4402
-1435
-3791
-4199
-1198
-522
-1748
-3110
-3253
-1976
-3549
-2860
-4239
-3282
-2320
-203
-1077
-2952
-2622
-4949
-4774
-2628
33
-1059
-3048
-2814
-2574
-4717
-4671
-2444
-1224
-1918
-3672
-3561
-2489
-1776
2156
2035
1486
-1583
-32
-143
-1678
1136
4006
3020
1557
-129
1354
3681
3415
829
1526
3136
2414
964
50
4588
4501
667
146
-446
2300
4358
2634
1230
-245
-735
146
-915
211
1539
1427
665
717
1992
1998
4561
5988
1738
-1272
-352
825
4162
3379
727
2578
4970
5198
3889
4270
5425
5537
5025
2435
2839
2896
5302
6039
3539
1957
180
3276
3870
4452
3040
2028
1741
-813
273
1504
2549
2496
16
-858
393
2329
3629
5269
610
-1505
387
830
1779
56
-1724
-801
1284
4282
4228
1255
803
-861
-853
1007
-1297
-93
2213
723
-2045
-2948
-1900
-2583
-2291
-628
-3135
-1900
-2202
-3701
-5340
-2857
-2651
-3654
-4339
-3943
-566
-411
-2954
-1536
1435
-2936
-3168
-466
-2662
-2589
-3087
-3307
1354
2095
1524
521
1362
515
33
-1153
2575
4243
825
-368
-525
580
1544
-5
1767
1817
885
1631
870
955
-586
1608
1124
-493
1670
2065
4185
2197
2828
4658
3160
4126
3367
816
40
3471
4414
4233
2087
4352
7865
5843
4485
5486
5387
3827
5839
7469
3288
1936
1727
3239
3757
3870
1238
2081
4304
2651
1304
-1004
575
-958
-1001
-208
1117
3179
1482
728
2129
1115
1716
3675
1838
-2927
-3613
471
4068
1798
257
1850
4428
4412
1982
3220
5748
3852
861
2351
2325
2190
288
2395
4662
1198
1892
3229
5351
4499
1063
63
138
-2346
3640
3902
-78
2264
2337
2848
729
1377
3673
3225
3658
556
415
454
-898
1353
2186
2851
1211
1327
2520
5347
2004
-1861
-2902
-1966
696
-2330
431
-850
-2112
-2724
-2638
-456
-2341
-5900
