65
438
613
226
-301
-243
67
-4
-153
-56
93
8
-96
-89
-230
-147
-192
-155
118
241
362
58
-225
-241
-76
189
-5
-8
137
-59
42
-76
-63
416
571
176
65
423
258
-43
-471
-277
276
162
-54
113
302
266
84
-144
-209
10
436
258
-67
17
148
-51
-415
-348
-97
144
-64
-409
-494
-716
-568
-116
169
212
-68
-322
-330
-128
298
281
-56
-161
-119
-63
-63
-50
335
366
-271
-248
-97
-119
171
206
-154
-66
266
-70
-301
175
372
356
463
149
-146
-18
-16
232
543
83
-83
-137
-377
-134
296
24
-435
-303
-453
-461
-27
-107
-72
103
-105
-46
62
86
214
321
-301
-401
263
89
-24
141
102
-177
-200
-102
51
223
-98
-335
-98
-175
-252
220
281
413
482
-14
-348
-29
-14
-214
61
261
443
332
-146
-372
-117
-46
60
138
-241
-432
-224
-77
29
79
-67
-14
-75
-138
-284
-310
9
-125
-130
64
280
311
169
152
59
-86
-294
-152
76
-174
-291
215
268
-277
-380
-175
-40
179
124
223
226
-141
-124
87
85
189
151
-111
-268
-155
33
-208
-41
-115
-425
-224
-223
-176
27
-108
113
86
-259
-182
-4
-152
-218
8
124
77
-68
138
154
268
260
48
-192
-334
-186
64
252
430
129
-278
-93
-57
150
441
338
68
136
-177
-82
256
316
614
495
-61
-388
19
176
169
193
-173
-147
-173
-308
20
-12
-89
-25
206
-70
-316
124
243
375
392
-21
-76
198
123
366
416
-59
64
241
-322
-374
28
38
307
156
-381
-322
-7
140
138
68
-27
229
264
-126
169
492
340
90
-71
-171
-87
181
140
62
-1
-199
-359
-386
-177
185
223
-22
-5
95
-117
-140
146
359
392
292
-39
-374
48
592
410
154
-152
-256
-55
-131
19
296
162
-400
-476
-304
-165
419
515
-2
-121
20
-263
-14
452
372
290
245
103
186
147
-165
140
204
-197
-110
-41
-578
-429
287
77
-178
-332
-522
-179
156
144
207
225
41
-106
-101
-34
401
470
-322
-407
-128
-226
-173
286
289
-162
-355
-335
111
180
7
-26
-13
47
160
-23
-315
28
254
50
46
65
-40
140
68
128
140
-271
-336
-67
-321
-399
124
228
128
-148
-372
-89
127
52
295
297
-104
-57
247
133
187
87
-318
-188
-92
-270
-340
-150
12
36
-4
-73
91
130
-219
1
249
54
56
-48
-345
48
504
126
-277
-291
5
228
-105
-261
204
-29
-340
-158
59
-151
-167
126
-16
-118
-124
-243
-333
74
358
464
337
121
276
274
47
46
123
107
54
-14
-227
-388
120
301
-39
55
-134
-502
-178
298
399
195
-147
-398
-31
117
-113
159
203
-323
-277
-126
-297
116
240
-241
-446
-286
-144
181
128
-472
-479
-207
-204
92
122
-232
323
770
147
-299
-205
-70
152
379
77
-173
-398
-601
-101
304
195
159
-63
-256
-43
29
-170
-358
259
359
57
-100
-44
573
400
-114
-496
-411
-156
251
291
-131
-104
-104
-280
-244
77
434
335
-33
-212
-409
-168
74
180
343
472
197
-124
-80
-42
32
-89
-49
227
292
-200
-555
-98
207
-118
-209
-321
-272
161
221
63
-45
-130
28
283
5
-15
304
132
-325
-184
-36
-123
-17
17
-17
-2
-73
-299
-219
-191
-150
-127
-170
117
317
-56
-295
28
396
381
388
124
-156
-105
-84
-37
-162
-62
78
-26
-141
160
465
274
-36
-236
-49
272
119
163
275
83
158
131
136
526
379
-196
-166
166
-87
-209
-150
-61
437
303
114
83
-108
-366
-103
203
5
175
56
-154
178
409
260
294
286
-134
-10
24
-238
280
266
-181
-93
-60
-397
10
417
-199
-287
-132
-138
124
-32
-76
231
152
-7
-196
-177
-188
222
451
-73
-294
-222
-188
-115
246
108
-110
-96
-216
-215
-92
8
342
91
-338
-199
-90
189
356
461
155
-236
-65
108
41
89
-56
-238
-152
18
-119
-225
-235
-149
-6
-417
-428
111
472
148
189
326
-111
-109
-36
-303
-148
303
305
-127
-452
-358
-22
270
236
255
129
-467
-413
41
-132
-1
205
143
21
275
276
16
12
-65
124
7
-78
430
558
19
-308
-154
-112
-150
7
-178
-367
-215
-14
-154
-117
-94
-249
95
492
457
38
-329
-122
203
24
-8
358
644
183
-515
-386
-117
-77
149
91
-311
-154
252
111
45
54
-9
63
-76
-75
108
-96
-19
550
430
-102
-109
-128
-68
295
299
-55
-395
-742
-474
219
121
-85
86
-140
-566
-331
121
322
364
-138
-766
-209
422
298
117
-39
-180
-300
-322
-226
179
44
-408
-89
6
-340
-182
-13
185
461
474
99
-267
-115
72
180
182
163
319
119
-67
50
95
67
36
-216
-499
-187
537
789
204
-95
-181
-484
-289
138
311
295
-163
-465
-247
-149
-185
242
431
82
76
-88
-551
-264
132
-120
56
5
-150
16
-73
-103
149
163
79
177
-44
-161
137
400
208
-23
-47
164
459
294
-341
-435
-293
-251
-144
-82
-17
139
146
-91
-21
53
-156
-40
338
9
-55
253
346
149
-174
-226
125
204
58
328
120
-168
-335
-184
278
371
274
71
-90
-74
6
-133
-33
407
200
-207
-135
131
181
119
149
2
-95
-189
-44
338
-77
-334
-91
-295
-211
142
14
-59
82
-225
-334
-40
116
341
322
-54
-102
-41
-11
151
262
55
-173
-78
-312
-434
72
435
439
68
-144
-132
-182
-239
-39
296
284
134
-182
-461
-120
477
323
47
22
138
-92
-321
4
364
200
-310
-297
-164
-97
157
356
133
-329
-316
-6
11
-29
157
141
-11
-32
-336
-406
98
627
244
-229
-222
-36
199
177
174
205
-5
-539
-327
138
358
492
136
-167
56
197
76
211
197
-269
-412
-278
-46
271
61
-184
79
196
-59
74
196
-258
-243
-13
-191
-188
55
328
306
-191
-395
259
440
-153
-280
54
186
197
94
-251
-483
-198
52
156
251
24
-263
-292
37
143
-17
-318
-100
339
169
55
13
63
-176
-102
215
-184
-124
137
62
135
99
-3
202
202
-264
-247
134
22
83
-1
-362
-82
-7
-210
64
201
-209
-365
20
278
348
113
-420
-186
143
21
200
116
-286
-176
104
-99
-100
132
-236
-52
488
268
-102
-319
-178
99
55
-167
149
135
-306
-382
-78
153
371
217
-422
-453
-94
306
405
349
54
-223
-249
42
480
347
-251
-357
-91
-68
-25
99
318
220
-64
-160
-206
-40
101
173
98
296
232
-305
-320
-229
93
391
528
172
0
-147
-79
410
-123
-564
-211
0
-110
274
347
-88
-507
-407
57
122
-36
49
315
-64
-315
49
148
119
203
-97
-323
-75
56
-55
-173
-50
-80
-134
90
152
201
-124
-75
216
129
-25
-56
134
153
342
207
-94
-318
-294
113
-20
-71
275
141
-49
-249
-508
-320
66
224
-50
-176
-150
204
208
-405
-15
496
173
-30
-87
-241
-160
85
-27
-75
-182
-380
27
64
64
277
-170
-723
-249
375
112
109
307
339
427
-25
-704
-379
126
296
506
57
-356
115
334
-316
-302
157
-2
38
-205
-408
18
235
92
5
-36
-180
95
212
247
416
265
-376
-457
152
125
80
222
256
155
-45
-310
-378
-94
155
174
-200
-385
-285
92
250
108
252
109
-196
-228
84
120
366
436
36
-269
-294
-20
74
210
25
-152
-381
-401
135
285
22
99
214
15
24
250
160
153
219
-129
-192
-164
-213
-40
-4
-221
-43
83
-327
-329
-139
-277
-79
94
-214
-376
-285
-30
228
298
297
219
-207
-443
268
389
124
172
71
183
15
-8
84
160
-54
-387
-438
-503
-19
332
-8
-35
328
295
-40
-276
-135
180
373
96
-54
107
-49
158
120
-124
159
-51
-759
-559
188
291
132
-194
-373
119
133
122
362
149
-146
1
5
-9
482
502
241
120
209
19
-39
-243
-422
-134
199
173
-189
-727
-712
131
214
-60
196
314
-465
-428
310
483
259
-42
-218
-272
-117
200
420
150
-268
-415
-265
-9
280
459
76
-194
-81
-303
-207
299
353
173
487
456
80
-130
-54
275
496
239
-22
144
-145
-519
-134
52
-112
-138
-458
-467
-54
56
-368
-281
-121
-290
-92
67
310
633
29
-563
82
353
-100
-25
60
-389
-126
45
-349
-321
-280
-147
164
152
73
33
-455
-644
301
572
-42
116
407
316
-13
-49
270
554
388
-91
-355
-399
-121
514
370
-363
-427
-271
-45
167
302
-22
-367
-216
79
286
19
237
460
193
236
145
-311
-269
291
445
0
-446
-295
-19
-259
-374
201
265
-9
-310
-549
-160
469
601
276
107
-192
-336
118
551
671
251
-261
-135
-96
-386
-462
102
198
-168
-160
-156
-188
-217
-211
-148
-148
-182
-125
182
384
109
-122
-269
-182
-7
-102
-193
183
339
-12
-382
-642
-409
177
504
404
8
-463
-498
-127
306
346
446
652
367
-26
-47
213
308
362
122
-153
97
81
-98
109
76
-469
-452
-198
-184
171
-7
-259
-2
-246
-357
131
405
182
254
168
-429
-311
-186
-163
329
96
-387
-156
6
-42
40
-217
-423
145
224
-230
188
535
212
-40
-247
-22
382
251
-12
354
387
115
307
-1
-108
310
156
-182
-34
-61
-236
-182
-220
-149
126
-60
-16
360
142
31
230
-69
-701
-239
478
294
-27
-189
20
176
105
42
-109
-205
-284
-200
-77
-67
70
2
-438
-357
258
645
436
237
52
-1
236
169
101
279
617
325
-175
-318
-236
51
-55
-336
-17
-25
-535
-471
-49
240
298
-132
-574
-260
129
40
-162
-21
183
24
-465
-320
544
543
-346
-617
-494
-416
-123
121
248
-10
-306
-225
214
478
195
-128
-177
-32
246
168
180
403
465
382
23
-211
-307
-311
37
403
96
-363
-231
-155
-156
243
252
-94
-446
-574
-301
294
447
148
122
-309
-196
299
104
139
345
-132
-762
-232
419
163
-14
-44
-26
99
-182
-105
355
239
-41
221
177
-63
269
344
274
480
320
46
45
-319
-506
-121
129
203
153
-581
-577
261
405
182
37
-422
-779
-288
222
158
-18
-115
-175
65
39
50
278
146
-254
-408
-325
-73
429
232
-330
-331
-66
42
68
67
-198
-216
54
382
622
205
11
388
553
248
166
428
-192
-601
68
104
48
215
-13
-136
54
-14
-143
30
-173
-84
113
-243
-220
-24
-253
-290
69
119
-66
-140
-492
-440
143
276
117
-93
-568
-494
-55
236
332
182
-355
-649
-50
244
362
419
182
34
169
228
52
69
82
224
139
-259
83
431
202
-120
-56
95
-153
-178
-99
153
334
285
95
-399
-470
-25
226
270
373
193
-527
-719
-132
126
179
25
-72
-57
-347
-272
66
-13
-235
-182
-302
-167
448
431
101
70
-65
105
370
181
183
297
118
75
-30
-261
86
445
276
41
166
57
-222
-225
214
472
255
-241
-442
7
-139
-211
-98
-115
-90
-46
-202
-284
-53
-12
-326
-519
-166
104
-81
-399
-256
65
-16
-275
56
180
47
71
126
253
307
308
-177
-283
436
620
299
68
-6
187
12
-440
-360
73
128
149
155
-221
-71
381
160
-2
163
32
-448
-389
-233
96
499
-30
-423
-420
-467
-258
111
-207
-399
-275
-597
-600
147
352
206
222
-196
-284
-17
118
214
518
428
288
190
-323
-220
487
482
126
159
-30
-121
287
283
181
285
-71
-309
-375
-224
275
638
303
-267
-369
-584
-608
185
431
74
-305
-556
-239
104
228
40
-47
-206
-373
-344
-182
162
281
112
-201
-251
137
588
602
390
164
43
-58
-69
-80
289
753
423
-226
-549
-334
-158
168
386
450
383
-241
-483
35
276
268
138
-184
-94
4
-43
-142
-15
118
-82
-410
-537
-54
261
-66
-183
-275
-363
-14
140
-122
-203
28
66
92
27
-14
-43
-6
336
483
257
-99
-149
220
373
177
-161
-93
68
-119
-68
-98
85
275
70
-277
28
365
199
163
-310
-446
-175
-182
-55
-42
-376
-222
30
-346
-418
47
-175
-434
158
195
13
-86
-408
-40
400
352
354
171
-386
-212
304
172
381
457
33
-200
61
151
149
382
-134
-209
37
-60
149
-15
-188
101
215
-124
-55
174
-163
-177
134
201
10
-145
-327
-179
82
-32
-58
-247
-663
-506
96
127
184
187
-128
-248
-245
183
505
416
-112
-571
-333
26
514
567
186
1
-157
-101
37
162
152
-142
-17
283
113
-75
39
278
129
-52
-106
-107
34
8
118
423
212
-143
-17
-75
-139
148
7
-307
-416
-627
-557
55
373
124
-147
-312
-175
56
12
-51
-18
-332
-168
264
23
-47
209
197
35
136
202
181
-7
-275
-16
51
-121
125
303
66
-98
85
35
-32
-5
-82
-83
20
321
190
-214
11
140
34
78
228
106
-383
-425
-291
-207
-109
30
227
227
-20
-70
-137
-272
61
195
-101
-31
280
107
9
305
170
131
263
-13
116
-12
-522
-122
53
-281
149
233
-132
137
436
168
-180
-131
-44
137
97
-86
154
76
-93
68
-36
-318
-41
206
-196
-81
35
-245
-146
-9
-30
8
9
-115
49
6
-359
-143
158
-46
-192
-21
53
188
329
14
-228
-50
44
92
140
193
209
-126
-287
-230
71
118
85
327
131
249
479
160
-115
205
396
-116
-193
-202
-129
234
61
-89
-55
-461
-715
39
457
238
101
-207
-662
-365
-2
-111
133
415
326
70
-90
-300
19
127
-214
162
157
-294
32
94
-361
-271
141
-136
-218
21
136
177
-16
-91
53
403
139
181
405
270
184
-127
-653
-427
331
311
-56
-242
-161
-291
-403
-392
-79
243
38
-50
-39
28
91
-24
-263
-31
391
145
-458
-476
142
309
-104
-118
-65
-124
-124
28
414
432
202
-330
-496
-193
327
748
417
19
101
-79
-139
231
365
245
206
71
-326
-206
-31
105
285
-3
-150
-258
-704
-627
68
334
211
50
-296
-319
54
204
177
522
368
-366
-681
-317
578
793
-64
-583
-338
-250
-186
193
214
-69
-56
-97
-35
170
287
235
-54
-194
151
463
345
-46
-61
270
-102
-245
-174
-232
134
585
354
-287
-262
-244
-544
-352
94
145
-173
-616
-358
396
454
147
145
74
-13
183
126
20
242
120
-442
-390
25
80
69
-213
-367
150
168
-160
-49
3
134
403
119
-214
325
254
-403
-85
342
264
90
-307
-294
150
151
-121
-119
-185
-389
-239
-188
-214
171
300
-234
-258
126
209
112
-231
-107
402
222
85
256
81
-182
-33
75
-187
-4
24
-331
-372
205
688
352
-274
-399
93
368
393
147
-103
187
239
12
-14
308
579
229
-471
-197
318
23
-94
53
-8
-374
-177
-99
5
199
-82
-69
-46
-46
31
-72
-159
285
477
-204
-351
87
54
190
398
-125
-593
-706
-458
62
219
210
199
-109
-710
-192
309
271
376
287
60
-326
-33
186
339
166
-69
-49
-70
-107
43
69
-301
-240
-112
-102
14
250
-6
-179
-356
-494
-367
-237
127
356
411
383
87
-228
-331
-140
332
376
95
-153
-207
-485
-411
104
85
-124
36
-166
-202
299
204
-6
-138
130
408
269
-12
237
402
58
11
162
39
-78
257
87
-141
91
-28
-396
-528
-346
163
220
-119
-154
159
15
-55
261
96
37
415
399
-74
-176
-235
-185
-222
-118
108
-24
-295
-276
-10
-146
-99
290
78
-239
-66
102
254
254
185
33
-150
136
348
291
189
191
182
-153
-302
-196
87
79
91
153
-103
-109
-26
-250
-390
-171
83
-245
-274
311
491
472
140
-259
-470
-278
198
311
-82
-401
-225
-390
-662
7
428
-47
-373
-346
-235
-22
-80
-181
300
243
-178
125
238
98
259
-100
-183
315
142
-455
-134
417
268
-96
-480
-346
-101
123
300
424
71
-477
-454
-109
183
432
505
226
153
32
12
93
140
-3
-161
-349
-370
-66
-28
-26
-56
-197
-469
-197
363
312
-20
57
465
149
-331
-193
14
324
358
179
16
-178
-180
73
298
300
136
-172
-411
-170
135
-111
56
212
-161
-412
13
158
274
552
152
-211
-317
-141
505
590
-178
-50
204
-251
-469
-365
-436
-192
48
-146
-182
-51
-11
89
92
110
314
226
-81
42
256
55
256
341
100
-72
-68
-16
-54
150
106
-173
-99
51
203
-40
-226
-137
-72
-37
-109
17
61
120
150
239
224
-49
-27
20
-84
173
123
-148
-262
-440
-144
36
0
27
-61
-426
-540
115
306
380
348
-255
-583
-113
477
589
359
-84
95
191
-169
-125
111
-140
-77
93
-243
-102
162
172
143
377
247
-125
-111
-198
-2
322
429
436
128
-424
-374
215
363
94
-191
-640
-903
-180
509
477
116
-414
-564
-229
-40
270
640
111
-592
-618
-239
153
396
353
-11
-43
-25
-90
-28
-4
33
-124
7
48
-130
-319
-264
212
486
387
16
-199
-251
36
619
456
-8
-164
-241
23
312
342
-45
-370
-365
-341
-121
70
260
241
-537
-718
48
291
48
112
57
-195
117
-65
-221
137
-9
17
358
211
-176
-151
-153
-106
306
27
-228
-59
-176
31
382
298
-117
-316
-329
25
157
-62
-126
135
20
-125
195
67
-71
-91
-34
-154
-120
-7
69
131
109
18
-219
-225
-85
29
-20
27
411
279
-255
-163
239
208
-281
42
298
-142
-225
-81
-51
193
349
135
1
-63
-115
-34
82
127
406
192
-98
-155
-183
-303
-79
374
158
76
94
-196
-231
-45
-19
21
-106
-248
-184
-143
-146
38
17
-165
-138
72
-42
65
324
42
-215
-194
34
166
169
50
344
15
-579
-429
-153
53
244
327
192
50
-52
-87
-118
7
260
252
85
-31
25
-181
-276
68
74
-122
-106
168
54
62
200
126
-313
-434
-6
215
324
217
-210
-630
-592
-361
321
824
266
-262
-243
-118
61
222
99
39
325
-126
-418
-12
89
-66
-89
-90
-14
55
-115
164
364
28
3
335
193
53
29
-198
-151
-26
-178
-73
68
-33
58
36
-289
-133
254
17
-23
-64
-201
-43
250
108
-242
-191
-25
129
126
82
-213
-376
-146
404
464
208
-40
-211
-396
-239
234
40
54
184
283
-190
-381
265
386
88
97
280
295
157
-29
-69
-183
-377
44
141
-470
-300
262
193
-181
-226
-316
-300
156
198
-4
101
-220
-217
-157
-179
274
595
92
-487
-213
-333
-166
224
-20
-119
123
40
-93
267
298
-23
-105
-40
346
301
-289
-208
233
292
269
299
-56
-188
384
524
61
-224
-186
-87
-189
-291
116
551
48
-456
-339
18
326
295
-194
-250
-75
17
154
107
151
50
-420
-678
57
325
-207
-522
-70
371
36
-502
-484
-142
21
386
308
15
14
-4
-206
104
387
194
177
115
17
64
145
39
242
25
-399
72
155
-44
272
-74
-567
-229
-86
-273
17
200
31
45
-156
-67
196
-8
-7
369
164
-294
-272
-36
-6
213
345
38
-110
-282
-116
47
153
299
512
228
-443
-236
193
476
409
-57
-214
-184
262
398
215
155
-104
-120
-320
-329
-94
-22
157
93
-230
-231
-55
203
-10
-119
74
-30
-151
-206
19
-42
22
345
186
-131
-327
-134
292
279
-202
-527
-374
-386
8
298
-62
-8
247
-24
-87
153
52
226
271
105
172
116
-56
224
244
-211
-83
-114
-535
-266
126
59
62
51
-37
98
196
124
56
39
-171
-286
-378
-450
-34
293
169
-10
-57
-305
-196
106
-33
-56
-5
-25
-271
-375
27
359
198
-184
-41
123
122
89
191
369
267
263
139
75
285
356
20
-166
46
-136
-552
-478
-158
90
-71
-339
-176
69
-86
-2
203
-239
-23
364
-126
-306
64
326
209
-87
-305
-174
9
-277
-47
91
-82
-28
2
-5
45
370
235
255
371
-177
-359
-17
383
515
335
321
197
153
63
138
158
-252
-235
-143
-234
-488
-336
-17
47
74
-181
-316
-243
-40
344
297
-17
-57
-98
-41
-16
323
278
-143
-282
-323
-221
-195
250
262
-227
-318
8
144
-20
64
282
266
-79
-117
242
240
172
260
-68
-60
277
33
-226
89
213
-39
-163
-392
-421
-166
-334
-236
203
-34
-306
-242
-391
-96
673
343
-472
-222
166
218
246
-23
-261
-295
-378
-108
343
80
-121
136
-153
-261
117
161
219
216
-17
-246
-36
378
431
459
293
305
459
184
-203
-179
11
29
280
229
-48
-164
-129
-138
-250
-94
-108
-380
-286
46
186
109
-184
-157
97
169
54
-75
-72
-39
178
-26
-409
-229
-57
-62
-28
160
-76
-247
-268
-487
-258
-15
570
667
235
128
161
184
216
502
321
-151
-253
-258
16
490
260
-67
-148
-148
-94
-9
-135
-345
-95
-180
-352
-158
99
190
172
93
-162
-198
-251
-369
-265
-9
280
370
-52
-390
-259
-111
122
323
204
43
-254
-451
-124
372
607
298
-88
-75
340
353
250
244
200
32
-185
14
264
268
-83
-209
-239
-209
-103
-216
-340
71
569
120
-431
-113
209
497
484
-89
-223
-209
-274
-64
90
98
287
47
-822
-760
178
462
328
-68
-391
-277
9
222
315
239
-130
-77
3
-32
492
549
-42
-193
306
343
121
-47
-25
322
206
-270
-272
-72
-215
33
-55
-423
-344
-95
-347
-215
440
579
244
-339
-494
-257
39
255
381
75
-276
-401
-362
14
311
268
-209
-366
222
134
-315
-126
294
186
-198
-106
157
438
225
-48
-50
92
252
176
-12
-206
83
216
-190
-252
35
-276
-190
261
-109
-478
-448
-160
127
228
57
52
82
-257
-102
175
-132
-136
52
-92
-309
-281
-379
-486
-111
102
-2
-79
-141
118
-20
-420
208
728
341
-231
109
201
-47
-10
120
401
128
-62
-86
100
67
94
-14
-408
-301
-203
-94
247
443
187
-338
-627
-235
126
312
465
304
-71
-169
-166
-167
285
519
164
-383
-696
-379
29
-154
-192
-83
45
-71
-87
-61
84
849
470
-330
-304
251
486
437
323
94
144
-196
-310
141
169
108
313
-116
-647
-213
231
283
376
48
-324
-356
-434
-143
350
236
18
-127
-311
-203
194
218
17
163
-16
-625
-883
-322
128
294
-24
-392
-218
-133
-11
14
70
109
202
122
-28
62
516
567
174
214
-7
-195
147
395
84
41
-212
-482
-282
50
414
418
211
-93
-71
-464
-479
365
589
102
-108
-84
-21
174
35
-200
-144
-92
-167
-177
-471
-396
204
-33
-344
-23
-57
-345
-293
146
128
89
-105
-296
232
373
287
572
656
275
-2
-203
-119
451
392
-349
-228
-78
-162
57
-63
18
21
-43
-218
-176
24
55
288
37
-232
29
93
-285
-316
28
91
-7
76
-169
-362
-385
-6
401
262
96
-206
-442
-371
276
521
25
-159
346
496
186
-50
118
182
129
293
96
56
106
7
-69
-26
84
143
-140
-544
-124
343
23
-90
-303
-455
-17
334
203
62
-36
-390
-397
-94
299
616
364
-311
-497
-364
-87
408
208
-374
-248
108
-196
-98
241
196
102
4
-77
91
309
320
574
377
-146
-106
59
-32
126
404
336
-173
-466
-427
-246
-99
281
355
-174
-447
-516
-19
366
297
-66
-378
-170
146
157
110
277
166
-448
-537
-58
-15
-177
-306
-141
62
8
-47
-101
169
152
187
332
287
204
-51
-97
56
797
559
-120
-49
-152
-64
94
66
-23
-299
-482
-171
302
174
-64
114
-301
-361
-4
-277
-170
178
-22
-240
-179
-170
60
377
86
-88
-83
-420
-346
-137
-390
-355
224
210
-125
-142
-73
292
287
-85
61
266
43
-111
-58
194
505
583
151
-245
14
164
92
-2
29
-302
-362
-16
235
656
479
-37
-276
26
253
-33
-127
47
232
182
-404
-477
27
236
251
433
-55
-789
-403
-21
-192
-89
-9
-6
-14
-406
-284
236
182
4
348
13
-472
-138
139
417
493
-95
-388
-62
147
107
-5
-181
-183
8
-196
-200
208
288
-76
-49
-112
-238
-9
-22
17
-117
-305
-258
-164
-114
2
66
144
-150
-263
-291
-361
25
41
85
61
-29
-208
-233
-4
61
32
72
286
260
70
220
463
434
174
12
-112
-206
104
490
330
-178
123
112
-243
-116
-9
-30
96
59
-84
-101
-18
269
461
123
-497
-373
-263
188
652
350
-196
-370
-312
-314
166
357
155
243
-285
-709
-291
-99
242
387
158
-163
-118
34
-158
203
388
100
72
25
6
173
265
291
317
13
-294
-75
60
92
154
-94
-224
-143
79
9
-79
2
90
328
-51
-282
-290
-236
216
245
-79
-266
-438
-185
89
122
417
57
-382
-167
125
73
-114
-11
79
257
83
-39
138
211
206
-160
-398
-406
98
364
77
201
298
16
-18
-91
-478
-319
83
197
270
58
-232
-80
92
44
195
-1
-595
-257
63
-98
292
307
-196
-148
241
301
230
137
-282
-363
-278
-145
396
377
13
17
269
278
37
36
-79
-13
193
9
-57
4
-37
-201
-237
-17
354
230
-197
-217
-11
163
215
243
-21
-294
-134
470
441
61
-80
-410
-446
-259
39
40
-142
-193
13
111
-230
-121
144
50
74
0
-279
-216
10
-16
-53
289
325
182
10
-428
-145
134
186
116
-88
-178
-138
265
96
286
383
-468
-671
-139
265
393
260
34
192
247
-367
-358
214
162
182
32
-263
-242
-78
105
-214
-295
52
-96
-302
-367
-18
318
-5
-78
99
33
-51
75
86
51
-50
-330
-482
-176
682
807
114
-302
-243
-44
-40
-66
37
160
-10
-57
149
54
105
419
152
65
174
-142
-246
69
223
-110
-203
-345
-336
-142
-334
-187
278
160
-113
-272
-737
-491
349
160
-39
183
57
49
-57
-23
-46
-40
-234
-126
153
-50
231
373
-242
-393
411
344
-198
-176
52
66
166
272
261
281
-74
-91
58
239
318
51
-359
-280
498
584
10
-310
-220
-112
-367
-394
-83
70
2
-249
-103
1
96
292
115
219
133
-82
-287
-223
377
287
-160
-171
-7
335
247
-63
-255
-34
36
-371
-377
-67
588
623
40
-262
-118
-60
-42
286
126
-220
-129
-385
-472
110
562
537
32
-360
-435
-243
-296
-325
145
-78
-354
-48
26
83
393
205
-328
-179
-179
-112
104
64
145
426
269
-272
-259
16
206
207
-155
-426
-232
-171
-192
129
459
380
-77
-485
-159
234
400
372
395
-46
-413
-150
132
358
273
401
165
-245
-484
-253
-183
-83
67
-322
-537
-264
77
399
697
299
-257
-774
-534
203
410
320
420
265
-306
-313
-21
-22
283
274
-188
-175
-240
-163
223
302
219
308
44
-256
-9
191
235
441
299
-244
-263
34
242
425
90
-504
-603
-479
-226
244
221
-364
-250
92
-129
-6
-10
-27
191
196
-19
-186
104
248
324
52
-225
212
174
-39
-40
-48
-80
-99
174
-310
-488
166
513
251
-223
-70
10
93
233
402
457
177
-16
-48
-47
-4
223
236
-97
-264
-89
-297
-254
13
-129
-227
-199
-259
-210
89
-43
14
58
-34
226
-11
-201
92
245
186
221
166
-374
-313
162
49
-58
-170
-194
-76
-174
-110
309
412
-73
-201
-40
-178
127
307
247
550
308
-184
5
332
110
69
-64
-371
-271
-473
-503
-49
152
-209
-430
-244
-383
-410
-26
361
568
213
-142
-172
-125
141
388
238
-109
-91
-165
-347
-114
124
175
-156
-556
-135
434
537
235
1
-50
-5
159
-54
49
267
339
344
-266
-399
-174
-45
215
398
200
-252
-416
-582
-371
269
374
-185
-612
-721
-408
30
194
222
183
-391
-296
436
363
423
328
-299
-662
-150
334
369
334
-110
-269
-131
-306
-29
285
152
102
90
-172
-144
324
324
64
422
554
198
74
-117
-190
62
250
128
131
-23
-92
9
98
323
108
-557
-862
-459
135
173
-6
-31
-11
259
427
118
-177
98
406
231
-188
-285
-29
125
-251
-72
248
-92
-284
-123
-92
-137
175
64
-9
181
34
200
531
183
-216
-409
-530
-156
553
182
-243
106
-50
-195
-25
-108
-157
177
-143
-378
-173
-385
-239
167
18
-24
363
144
-216
-68
-32
183
525
151
-155
159
183
2
-51
-108
-154
-49
-465
-627
123
134
132
336
139
59
59
3
-3
246
208
-67
-243
-248
254
574
218
-75
-155
-350
-509
-103
202
103
90
-205
-334
-319
-200
-1
187
351
91
-250
-287
88
431
246
149
147
76
-129
-173
114
59
185
184
-56
-362
-234
210
203
38
95
32
-40
-2
195
464
64
-340
-230
169
142
325
575
334
113
-256
-394
-295
-143
166
305
144
-221
-196
-225
-182
343
229
-102
13
1
-286
-31
526
443
124
-182
-320
-48
-31
-35
84
-260
-748
-403
295
528
611
410
-266
-296
-175
-408
-403
40
725
406
-69
-223
10
272
141
81
-88
-167
-100
-93
-96
-207
54
270
-202
-224
-202
-445
-254
41
-34
-75
133
-81
-134
248
366
378
143
-139
-13
-1
-455
-28
588
-34
-346
-185
86
228
291
135
58
119
-146
143
316
283
468
346
-285
-228
31
-129
106
232
-164
-248
-166
-242
-68
56
155
278
187
-308
-486
-571
-592
-30
357
-113
-321
37
311
368
348
-14
-390
-346
-370
-154
-74
-92
206
76
-711
-494
308
227
-232
-282
-75
121
145
-67
-51
112
201
116
69
132
-121
-95
-104
-67
393
193
-115
-91
0
-96
-120
-149
-344
-173
157
186
-59
-172
28
12
-265
-265
225
574
39
-178
222
20
-255
-69
-57
-128
37
82
-49
-155
-302
-187
-109
102
530
265
-202
-275
322
486
276
132
-329
-278
-16
296
417
506
86
-509
-545
-317
156
356
46
-115
-147
-369
-217
156
303
24
-48
-72
-244
-159
-52
-23
4
136
250
-130
-281
-39
178
67
-104
-249
-493
-336
1
330
122
-172
-91
-22
-222
151
583
410
74
-72
-192
-179
110
170
465
107
-415
-192
-201
-59
245
127
-251
-270
-108
-78
239
255
144
209
57
-347
-389
-90
100
389
399
5
-25
-263
-533
23
166
-168
-49
20
-230
16
257
148
249
156
-103
-41
132
276
127
-287
-531
281
689
205
334
337
197
-39
-269
-381
-92
228
384
475
30
-308
-54
89
-178
55
222
3
0
33
-112
44
250
180
227
121
6
-50
-199
-260
-197
-82
-326
-103
368
-34
-67
85
129
-19
-124
-103
-148
257
521
251
-78
-44
-90
-63
11
174
236
-154
-503
-110
44
-319
-41
217
104
-47
-87
-166
-104
-52
-24
269
-7
-114
158
53
161
371
185
-309
-294
-75
-196
59
229
-148
-345
-425
-341
-231
2
197
327
185
-213
64
183
140
179
304
308
108
-12
-67
24
190
0
-190
-218
-4
197
115
222
224
-41
-329
-88
70
105
224
280
106
-386
-548
47
327
282
270
77
-154
-449
-372
-170
110
47
-100
-170
-324
-308
-10
-19
-47
222
-157
-469
130
404
72
-32
-80
311
259
-233
-153
595
421
-358
-271
-305
-85
542
395
2
151
-326
-645
-165
312
344
117
-90
-87
-87
-520
-99
557
228
-128
54
-178
-403
316
390
-124
-260
-430
-293
12
-75
-63
73
15
-70
154
-14
-114
426
94
-9
264
75
-139
7
467
408
137
-245
-320
123
89
230
410
41
-323
-365
-286
-288
309
380
88
196
50
-140
2
289
130
-237
-197
49
30
-302
-537
-231
11
-63
-70
111
-129
-359
-157
-270
-388
-288
-33
40
16
151
219
116
-266
-556
-74
227
421
485
-221
-402
-187
85
-5
-62
78
120
15
-404
-209
182
214
179
529
551
122
21
-192
-170
204
207
11
104
-121
-469
-220
77
252
180
-434
-704
-407
-147
494
692
212
-290
-207
75
-62
124
213
158
89
-37
39
58
53
66
53
15
-44
-65
-220
164
402
92
-191
-314
-33
-58
-124
328
537
259
-175
-379
-435
-251
441
486
-32
-320
-383
-134
37
-138
-160
-26
-112
-56
69
-139
181
434
-179
-239
139
-6
-217
53
175
10
-185
-466
-19
416
157
171
233
-38
-177
-112
-202
49
637
207
-379
-315
-264
240
580
424
150
-81
-423
-355
317
197
-66
172
16
-274
-362
-290
116
255
-154
-394
-259
-280
-96
180
87
115
115
48
78
150
-67
-256
315
312
-75
75
221
296
180
35
-145
-120
36
62
387
342
261
270
-136
-337
104
459
147
235
369
-65
-501
-201
339
403
-50
-252
-120
-41
-185
-70
7
-334
-18
206
-22
-213
34
68
-27
-126
-474
-191
234
-43
-5
148
43
48
-56
-197
178
513
-61
-111
20
-203
-369
-203
254
447
230
-183
-221
18
-53
20
167
-179
-77
233
100
-58
74
-19
-257
-259
-527
-421
43
142
-50
-305
-74
439
240
-391
-248
217
153
-44
-152
-237
-196
-120
203
367
285
244
7
-95
-6
23
-141
-391
-65
263
120
-91
-168
192
287
-16
-294
-227
58
570
665
-44
-7
374
70
-84
-43
-50
185
92
-363
-467
-314
-238
133
296
43
136
-143
-518
9
312
-72
-228
8
35
-17
9
-16
295
250
-126
-71
-145
-264
299
568
-127
-307
25
49
68
170
58
-6
126
109
-58
-326
-207
358
439
42
205
347
56
-50
72
-168
-620
-237
-37
-152
-28
0
226
244
-224
-581
-241
99
323
315
-192
-415
-196
24
132
457
62
-677
-464
-238
-183
3
101
138
78
-27
-47
214
133
-170
57
52
-317
14
158
71
384
167
-188
85
224
-175
129
166
-109
170
-369
-780
-232
94
-80
93
33
-366
-166
-157
-166
183
209
-162
-225
17
111
303
145
-154
42
-170
-373
308
408
-203
-330
45
221
81
37
54
368
239
101
463
66
-205
-9
262
446
519
137
-368
-107
95
118
39
-117
-82
-216
-419
-67
190
-7
-326
-227
-284
-415
-25
276
247
-99
-102
195
51
-371
-295
-84
1
43
-96
-201
-2
-45
-189
-26
222
-115
-390
-126
-103
146
191
402
666
390
140
258
322
281
293
51
-306
-203
170
181
154
6
-236
-202
-246
-254
-71
-89
247
525
-94
-803
-313
364
438
308
51
-271
-602
-485
-169
325
214
-75
50
-128
-228
-136
-178
-99
158
142
-259
-235
348
487
148
-145
131
361
164
18
168
547
419
76
-166
-333
4
335
398
-68
-500
-690
-804
-143
307
328
87
-218
-256
-133
0
51
364
181
-230
-101
-593
-684
302
608
97
-396
-525
-288
20
-29
9
424
72
-599
-359
-68
404
742
425
-122
-9
184
216
843
836
222
-97
-192
39
336
108
-41
80
-149
-515
-248
-397
-592
-32
288
17
-282
-486
-234
521
645
105
-234
-383
-251
-97
-351
-17
496
359
-270
-529
-575
-366
38
109
-325
-464
-164
46
261
205
445
601
96
-141
279
466
398
319
287
215
155
50
280
251
23
-137
-409
-271
-66
-11
-169
-76
-23
60
-169
-513
-184
371
430
109
-10
-209
-147
-83
-5
218
23
-364
-447
-159
-274
-439
-135
174
188
-144
-276
43
302
71
42
396
296
158
341
235
236
404
278
304
126
-20
-15
91
223
155
71
-330
-285
-178
-410
-131
356
263
-387
-550
-261
-179
143
364
319
1
-397
-337
-24
240
-58
-213
-106
-266
6
47
-102
-15
-126
-23
-71
-23
-175
-55
443
446
163
-158
89
631
693
235
34
151
-124
-148
328
175
38
109
-89
-253
-180
-194
116
486
-61
-636
-491
-225
235
352
-288
-193
197
-242
-469
86
-11
-231
48
10
-216
-536
-567
4
336
-88
-473
-213
-107
-62
23
-131
130
465
143
10
597
692
614
278
-300
-354
-77
73
268
374
-9
-353
-405
-281
-173
198
-12
-101
0
-139
-76
-184
-52
40
192
222
165
-45
-310
-146
-87
-279
-219
-39
-18
-42
-186
-88
19
-124
-118
-72
-122
-71
279
325
161
-254
-286
380
399
520
543
326
115
86
-3
-102
488
594
43
-231
-251
-140
97
87
-79
-163
-438
-506
-162
-112
-137
164
272
-198
-319
-315
-215
45
38
-312
-344
-221
-195
4
-196
-33
93
-20
-176
-34
-115
-339
327
542
20
-134
223
372
367
334
158
-20
-12
363
519
43
-258
-254
79
292
58
-5
-269
-184
126
69
-229
-95
167
-64
-209
20
340
376
-45
-381
17
206
130
-3
-11
-342
-479
-483
-564
11
234
-271
-492
-63
64
231
275
3
142
168
-258
-21
114
-77
538
730
32
-91
274
-18
-132
-6
-25
267
1
-534
-440
133
439
342
-87
-661
-452
-51
99
510
573
-201
-523
-60
343
324
176
-105
-150
-580
-986
-201
316
201
-24
-247
-361
-174
300
389
257
243
-268
-184
235
425
404
326
508
461
31
-387
-124
53
7
189
209
-158
-383
-137
443
531
416
62
-503
-611
-363
58
523
543
-127
-541
-382
-162
159
306
-37
-146
-367
-606
-509
-125
62
-198
-128
-87
-233
-232
-146
130
312
329
61
-3
95
327
872
434
-183
27
191
179
217
-132
-30
251
-132
-465
-204
307
562
491
-143
-468
-106
75
-18
66
61
15
187
-77
-242
-18
150
142
-17
95
11
-322
-603
-40
429
13
-144
-103
88
40
-165
-189
-162
-72
-18
35
-15
25
500
629
192
-206
-349
54
255
241
182
-237
-351
-121
-141
-171
201
123
-175
187
26
-599
-492
-175
142
291
124
-175
-90
-188
-367
21
-67
-55
28
-338
-659
-268
328
282
150
-214
-378
33
61
169
433
55
-173
4
47
230
670
386
-190
120
198
7
-27
60
275
324
-15
-417
-162
146
324
340
178
52
-31
-404
-519
35
692
205
-505
-460
-343
81
190
288
51
-254
-414
-683
-343
63
258
95
-382
-435
-302
-152
0
436
640
-21
-227
144
371
401
168
-85
138
109
-12
96
191
176
348
177
-554
-201
360
233
79
105
-91
-67
-88
-283
235
570
213
-176
-265
-230
9
47
-364
13
206
-443
-444
-98
5
-196
-289
-376
-325
-160
-187
185
382
186
23
-29
-26
48
190
112
-30
-132
-302
-103
369
352
-26
-112
75
206
169
-90
-138
224
102
126
292
113
-20
-157
-112
-447
-257
173
20
-82
9
341
213
-162
-137
-348
-386
-115
196
207
-272
-245
-155
-262
25
421
229
-218
-72
104
13
173
-75
-8
251
316
239
17
-239
-335
-14
-98
-16
147
161
68
131
-12
-14
239
34
-196
-21
86
28
270
75
-46
-83
-254
-3
313
142
-350
-137
-191
-176
153
-166
-268
-256
116
30
-310
-291
-5
510
249
-33
171
106
-142
96
342
360
340
70
-246
-554
-476
27
266
269
32
-401
-328
12
374
448
46
126
156
44
91
16
-326
-598
184
466
29
-198
-356
-143
-48
34
-115
-119
-4
-13
437
53
-480
-36
48
-254
89
473
252
234
-27
-557
-87
434
437
599
224
-293
-385
-432
-67
409
229
-343
-164
-44
-185
153
323
270
148
9
-99
18
72
18
167
31
-302
-224
-244
-252
-94
19
-278
-327
-3
-155
-272
-122
198
215
-134
-391
-310
53
197
215
267
-87
-15
225
291
194
325
285
-368
-437
-281
-11
458
585
1
-304
-31
148
79
-79
-215
182
473
-95
-219
-11
-16
220
259
-210
-245
8
-352
-309
54
-81
-328
-531
-218
193
181
-4
160
0
-821
-596
334
451
275
243
-138
-205
80
166
517
416
-50
-186
-112
-169
-75
32
-21
429
498
-29
-253
-21
19
167
268
93
11
-132
57
332
173
-61
-97
60
-179
-247
214
332
34
-428
-370
-232
96
289
171
-170
-273
-164
-413
25
235
52
83
253
289
141
-146
-115
-146
-33
453
453
59
-423
-120
-66
6
262
277
195
-89
-185
117
477
222
73
131
-76
16
430
335
-129
-272
-212
-374
-129
0
-60
136
-114
-248
-238
-522
-292
-54
-67
-173
-17
-244
-838
-329
223
344
352
134
-344
-254
-50
-6
480
495
13
-72
-432
-405
239
309
96
50
-29
-304
-137
156
340
501
507
167
-131
-224
59
359
93
-301
-297
-430
-690
62
467
111
-256
-469
-340
-286
-59
313
377
22
-292
-296
-289
82
603
529
-46
-416
-166
-38
-57
448
724
324
-198
-601
-427
246
452
241
60
-42
-282
-98
197
460
799
246
-393
-235
135
102
252
251
-82
-100
-244
-271
8
-21
-105
-206
-665
-563
287
214
-248
-78
-43
-227
-29
158
59
195
123
-27
49
52
160
136
-287
48
567
282
-304
-308
10
365
443
-234
-314
44
308
203
-92
54
314
97
-142
-36
75
-21
-107
-173
-86
235
21
-150
-288
-318
-177
-294
-226
-35
-58
-427
-348
293
406
44
-45
-138
-210
-77
116
270
331
41
-120
297
101
28
275
-76
-334
-20
281
176
74
3
70
275
56
129
207
-262
-140
154
102
-36
4
-211
-280
357
336
59
-131
-481
-223
-192
-225
98
299
-176
-595
-212
-185
169
404
-103
-460
-323
-87
242
667
195
-265
-212
-92
-47
-4
-15
111
-39
-374
30
134
-128
-255
286
513
-183
-480
18
342
213
216
163
173
-9
-157
123
314
213
252
-225
-836
-336
500
465
84
-154
-440
-483
-95
139
191
326
-20
-366
-195
55
302
386
207
317
405
58
-185
-24
-212
-125
254
-6
-139
54
278
133
-239
-125
148
223
-152
-82
318
22
149
170
-291
-288
139
436
214
-59
-90
-173
-213
-232
78
11
-531
-309
100
120
-84
-75
-66
-173
37
-60
-126
-10
95
222
7
6
208
259
-299
-407
128
334
325
-310
-727
-212
97
210
271
1
128
33
-239
27
277
148
-22
61
142
213
158
-90
-55
12
-28
67
-73
-384
-210
66
-488
-431
46
-142
-194
39
132
173
104
-514
-392
76
153
532
509
15
-95
-188
-409
-127
283
35
-207
128
-25
-233
-105
140
511
118
-491
-277
272
169
253
252
-246
225
517
-73
-206
359
414
119
-160
-425
-304
-20
92
303
328
-297
-500
-140
229
378
403
-67
-176
94
132
122
163
218
52
86
-61
-353
-136
60
-104
-198
-209
-1
227
208
-186
173
283
-281
-225
107
291
180
68
-110
-8
-114
-357
-114
277
289
81
-290
-450
-122
31
-186
-79
155
-261
-508
-186
-37
75
186
-15
-37
-245
-282
201
373
-101
187
417
-158
-281
-203
53
296
289
-250
-434
-358
-410
34
496
220
85
-14
-365
178
268
-122
139
441
195
-54
-36
-145
-68
15
85
189
-86
-158
89
30
-322
-118
116
-110
-73
-88
-150
-30
232
239
-253
-443
-49
188
252
211
202
-53
-287
38
245
95
-125
12
-130
-423
-265
-125
-11
209
299
-73
-370
42
548
454
17
-7
11
121
218
105
326
201
169
85
-418
-609
-236
198
190
310
243
-550
-689
-9
454
609
-25
-574
-146
343
338
202
133
125
282
-2
-415
134
524
-45
-508
-395
-118
59
-78
-287
-107
-131
-112
37
-46
55
138
190
107
211
405
-26
-290
180
294
24
-116
-293
-196
-16
-88
-141
-223
-566
-362
-70
-252
-61
284
64
-260
-101
227
300
203
-3
-112
187
313
208
112
-249
-406
84
171
-8
-3
-485
-808
-49
449
227
327
127
-281
-230
22
208
492
219
-389
-159
215
279
494
90
-521
50
176
-344
-123
-23
-138
13
26
-46
-240
-348
-271
209
464
71
45
-298
-235
680
802
284
312
134
-558
-478
38
286
362
-148
-565
-169
72
272
441
-54
-496
-187
-40
105
507
412
38
-185
-105
-78
-74
21
42
168
77
-123
-185
-286
61
353
-11
-270
-401
-410
-307
-334
-19
379
421
26
-161
-256
-7
579
498
116
-227
-214
-140
190
286
108
-16
-608
-640
-70
224
173
-26
-35
-37
182
174
-192
78
330
287
32
-385
-277
304
226
-55
118
-160
-550
-37
47
-321
-14
8
-190
-337
-194
-27
282
182
-273
-225
-341
22
716
562
16
-115
-122
-118
195
237
-224
-260
-121
-140
-73
-101
-112
49
121
143
276
-2
-119
351
270
-5
38
133
2
50
498
179
-38
150
-90
49
115
-176
0
-221
-389
-51
239
66
-467
-315
-290
-250
175
130
-30
79
-170
-159
315
267
141
370
308
-136
-355
-377
-68
301
-242
-705
-31
256
78
283
90
-220
50
24
-70
453
415
31
120
20
-92
118
65
116
668
248
-658
-566
-163
276
542
11
-480
-263
-174
17
241
-17
-223
-100
-289
-467
154
460
433
194
-332
-258
236
302
82
109
-112
-357
-380
-457
18
431
138
-170
-46
57
-307
-163
447
823
491
-145
-140
163
494
608
107
-195
-161
-415
-571
-69
679
438
-211
-658
-387
0
-110
150
375
4
-364
-454
-280
132
393
273
-220
-81
-68
-272
-302
-371
-138
-144
-254
-33
190
-112
-219
308
152
-186
-158
-207
-26
133
217
203
49
-81
-57
166
359
637
438
-284
-469
-232
46
163
437
167
-293
-250
-88
-4
26
41
-152
-271
-310
106
553
198
-6
253
-87
-265
57
223
-222
-594
-309
64
142
-85
-365
-344
-210
6
293
260
-166
-245
159
295
518
427
-53
-199
337
238
-53
237
308
137
49
5
140
224
-254
-137
-2
-73
128
249
-18
-285
30
86
-41
22
-141
-126
263
446
172
-102
-461
-407
62
46
210
199
-595
-960
-215
212
-12
101
-17
-353
-50
163
112
152
41
119
152
-48
46
295
-34
-295
226
264
169
163
-225
-94
225
296
37
-202
-248
-257
210
283
229
209
-537
-556
-123
160
423
376
27
-292
-73
162
232
57
-189
-135
-253
-288
-55
16
-242
-375
-9
73
4
-30
-109
44
68
107
192
-25
-256
-204
35
323
367
35
-381
-518
-374
66
446
183
-29
-104
-140
46
203
130
33
-6
-244
-103
162
12
-71
60
76
-55
-111
-220
-195
-6
49
111
-225
-459
-182
149
145
142
412
172
-419
-309
97
122
243
196
311
224
-182
49
496
323
-109
-148
-212
-273
63
291
57
70
209
-52
-79
30
206
340
74
-70
-176
-425
-479
183
784
250
-353
-527
-503
-63
325
123
-258
-226
-268
-113
86
90
268
170
-162
-266
-207
-111
328
484
-240
-228
220
-205
-43
349
382
327
93
-190
-157
115
-123
146
402
-63
-34
-78
-505
65
688
250
22
48
-215
-205
278
362
127
-171
-452
-142
135
-214
-186
-18
-346
-269
197
-78
-189
239
63
-54
-257
-295
-8
205
90
13
23
-214
-14
99
-212
-82
274
81
-221
-94
194
155
97
-81
-78
52
-106
-106
5
253
438
178
-233
-16
547
271
-139
-93
208
234
-204
-264
-225
-246
-219
-114
-9
99
-24
-304
-355
-4
497
411
-131
-388
-78
-41
-254
-68
166
162
126
-74
-231
114
163
32
-114
-210
1
-110
11
173
227
61
-213
74
46
-193
86
372
96
19
47
-361
-215
223
548
434
-293
-620
-567
-334
145
370
266
-149
-288
-253
-274
260
609
234
-500
-439
3
368
541
188
-72
-122
-328
-153
239
410
351
-72
-305
-321
89
36
-38
437
599
-24
-601
-400
-21
516
669
285
53
-202
-283
145
208
185
354
19
-739
-703
100
416
318
-66
-526
-442
-263
-158
310
394
-126
-89
-244
-522
246
533
-208
-148
518
24
-271
-64
-38
155
-37
-338
-27
150
-274
134
383
73
35
-153
-688
-186
835
714
481
-15
-463
-285
53
165
474
171
-694
-543
-85
-112
186
99
-419
-63
273
46
-135
-184
-364
-204
-44
39
349
194
-119
-246
-387
-61
394
452
-323
-388
462
430
67
-317
-357
-12
170
329
356
78
-187
-258
-252
126
470
161
97
180
325
162
-170
-123
-48
78
-59
-47
-88
-277
-357
-418
-180
275
309
-256
-720
-482
118
285
153
-15
15
-256
-332
158
353
267
-67
-428
-360
416
485
119
22
66
139
-56
-271
-1
604
408
54
-3
-168
-235
356
602
293
268
65
-38
-185
5
429
343
118
-357
-458
-388
-18
405
184
-237
-442
-244
-332
-11
394
259
-44
-105
-17
-100
151
261
96
-143
-270
-231
25
54
122
225
-199
-450
-147
42
-150
139
279
-60
-237
-142
115
342
330
445
377
-208
-433
22
309
99
167
87
-363
-309
-168
-324
-68
66
-136
-20
-176
-519
-146
146
132
196
-69
-284
224
255
-273
48
27
-325
9
119
71
228
59
-279
-133
-28
-204
122
228
180
242
-155
-389
170
402
-16
-66
94
138
36
-60
48
249
137
20
27
-335
-432
-38
-129
-535
-228
167
156
36
-307
-184
117
208
-149
-411
-30
240
279
-20
19
423
238
-307
-179
400
263
-487
-447
80
46
40
99
106
259
232
-5
21
378
230
-107
-87
424
629
125
-183
-128
243
202
218
158
-287
-413
-460
-322
-25
208
177
-142
-481
-374
78
100
-139
-123
-59
-241
-50
50
-40
-200
48
17
-309
145
276
266
-162
-172
268
244
-160
-231
172
274
229
93
-171
-389
-182
287
641
618
212
-351
-364
141
342
259
-55
-353
-447
-330
-192
-180
-153
-204
-46
-220
-485
39
683
185
-397
-213
97
201
-44
-381
-208
266
129
-158
-135
-229
-343
121
415
442
32
-581
-441
454
578
219
305
177
80
193
191
261
396
122
182
244
82
104
473
89
-470
-52
-174
-218
34
-281
-368
-120
118
41
-217
-641
-559
251
236
-20
-87
-581
-901
-97
468
283
298
-157
-541
-288
-12
309
594
85
-336
-262
-247
198
646
321
-299
-150
42
47
332
382
232
121
180
290
228
7
101
511
316
-24
-294
-696
-299
121
441
240
-394
-598
-610
-145
520
691
193
-263
-164
-257
-460
72
473
77
-485
-316
-33
1
-47
68
-33
-457
-161
209
124
233
398
77
-54
-20
32
277
577
550
122
-254
-441
-271
107
166
290
454
7
-346
-301
-248
-322
-76
32
-154
-453
-443
36
295
215
-84
-68
-190
-155
101
242
338
190
-127
-401
-92
123
-148
-190
53
71
-314
-281
35
223
85
-146
167
336
343
267
145
-170
-158
215
130
14
400
215
-246
1
-88
-48
-106
-243
30
147
-217
-297
183
53
-97
-79
-374
-162
272
53
-41
107
-161
-175
115
10
-4
69
-290
-335
-172
-225
-64
355
60
-355
67
-118
-118
262
31
-5
25
-15
169
608
642
476
504
-267
-421
62
-57
253
396
-209
-618
-396
-373
-95
449
241
86
-180
-506
-60
361
146
34
239
-142
-334
167
119
-32
14
37
-31
-501
-491
-4
378
123
-290
-271
-230
17
267
253
103
77
-8
-194
59
549
623
518
338
225
-22
-267
-1
274
284
-12
-421
-439
-397
26
214
-197
-317
-343
-328
-140
432
390
-92
-243
-360
-310
32
327
289
-64
-440
-259
61
-90
-134
44
96
-137
-271
17
10
-31
40
52
126
84
-110
-106
324
460
256
100
-62
147
290
332
406
-24
-454
-323
-27
28
1
-102
-237
-381
-208
179
161
24
24
50
117
74
169
375
-72
-362
-40
133
185
207
106
-500
-790
-212
162
157
56
-105
19
196
320
381
182
-141
6
196
79
373
529
82
-60
406
129
-220
-276
-124
287
234
-304
-275
-163
-455
42
313
-77
-245
-115
-705
-609
195
328
416
74
-620
-426
150
118
125
112
-542
-802
-480
-173
405
267
-501
-677
-2
224
-135
-114
214
652
540
-112
-43
235
295
568
550
183
112
66
-452
-161
528
335
-105
-367
-348
-48
129
336
389
-292
-963
-482
161
311
410
282
-361
-687
-189
359
456
210
-317
-438
-173
-206
-28
-29
-4
-65
-358
-256
126
127
-143
-158
258
378
-59
-267
152
513
513
693
492
39
-251
-12
183
427
392
-23
-274
-699
-420
248
358
126
-196
-364
-295
104
187
44
287
-7
-335
-201
-2
30
-222
-322
185
511
-100
-670
-101
339
32
-165
-302
-225
-229
-105
50
246
452
322
-195
-382
71
553
399
30
162
162
73
-7
3
-236
-115
-17
-157
-211
-117
59
-28
-115
-219
-223
-238
-209
48
309
93
21
-55
-343
-462
129
323
137
148
-35
-566
-750
-61
190
272
10
-254
-32
-112
-357
147
372
295
170
24
45
486
543
10
244
241
103
175
207
155
321
198
-40
74
-216
-471
104
207
-178
-135
-215
-396
-146
120
37
280
70
-402
-216
-19
-81
27
13
-53
169
-158
-860
-471
202
71
75
-90
-430
-360
-169
115
331
196
-38
219
201
-138
190
527
553
314
38
-15
93
259
200
138
110
13
-364
-570
37
476
254
-5
-370
-478
-451
-309
305
273
-69
-136
-286
-323
-105
394
407
118
-151
-621
-552
-159
37
-44
-50
-59
-126
-244
-249
547
837
38
-188
232
250
70
160
437
460
54
-265
-89
289
313
191
50
-148
-42
-82
-58
48
220
119
-239
-142
-267
-512
-302
111
211
33
-183
-409
-429
-154
392
541
21
-523
-750
-202
44
171
261
-168
-276
-136
-82
33
284
109
-180
-53
422
398
316
390
440
341
-56
-86
174
-67
-304
211
159
-130
-9
-12
-122
107
308
-7
-230
-371
-523
-55
256
209
130
-309
-420
24
174
50
293
-128
-664
-389
-65
284
235
-84
-226
-298
-260
-89
338
146
-306
53
102
261
469
-61
-241
124
568
459
257
104
37
280
231
228
221
-139
-350
-47
153
125
215
-17
-253
-52
220
152
-40
-25
-192
-361
-66
42
-15
-177
-352
-148
-61
-73
-163
-367
-673
-392
365
399
-365
-558
-69
112
-68
-62
244
344
82
-303
-108
349
554
486
283
-34
79
114
-195
30
130
-132
-66
6
-155
-9
169
89
3
40
2
86
-98
-538
88
517
41
-514
-453
123
428
172
-719
-686
-349
-261
-108
281
396
65
-418
-601
-99
170
311
410
372
42
-19
64
410
493
210
54
-60
238
467
369
173
77
-117
-381
-366
-70
231
408
239
16
-238
-459
-70
513
408
-117
-128
-384
-597
-162
138
481
269
-431
-628
-339
-250
-273
-99
-263
-265
-73
-119
4
287
22
-374
-112
101
156
185
95
494
608
-126
-297
184
214
126
360
207
4
24
-238
15
482
441
34
-312
-515
-397
53
230
108
-145
-612
-320
293
-40
-105
202
212
-325
-314
-178
-75
141
-26
99
133
-143
-461
-318
-11
78
63
-85
13
316
122
105
315
371
79
-52
264
318
-7
-80
133
31
-232
-187
95
302
260
11
199
-113
-271
79
104
-144
-132
21
-34
-213
-576
-448
-124
77
108
57
-200
-340
-103
-184
-326
58
93
-189
78
84
-179
-124
24
75
222
160
-73
249
477
366
255
-151
-346
379
558
76
76
289
393
278
-77
-472
-71
379
609
476
-234
-385
40
142
-172
189
179
-237
-426
-446
-151
62
80
-223
-281
-196
-172
-221
167
106
-419
-723
-642
11
327
244
-124
-118
23
-1
22
137
-4
-125
218
97
-45
-77
-246
131
281
58
8
-142
-212
203
416
321
313
-75
-468
-112
377
364
178
99
-203
-605
-368
-44
441
247
-428
-316
-69
-209
-22
382
226
149
190
-281
-364
-81
-14
128
197
323
138
94
-41
186
469
244
244
-76
-252
17
273
439
230
-42
-274
-362
69
374
407
177
-133
-164
10
202
66
-60
203
181
112
-120
-436
-191
29
-376
-652
-33
16
-218
-320
-524
-23
302
43
-145
-64
-74
-201
-28
114
366
434
-405
-428
249
266
44
-36
-148
-179
175
-26
1
348
82
166
319
-210
-278
308
550
214
48
-220
-269
79
96
98
162
55
-295
-311
-179
-63
-59
-75
-83
92
-315
-384
137
110
-188
-358
-222
-127
89
1
54
89
-33
-32
51
-22
10
275
183
-64
-111
-235
-86
243
141
-141
-97
163
-164
-452
-234
287
381
251
238
114
-198
-339
134
380
-4
-143
141
18
-454
-588
-126
371
420
-185
-698
-520
70
389
78
-190
-194
114
285
60
215
297
-124
-137
45
47
344
521
232
122
28
-371
-484
18
336
247
23
-85
125
124
-80
28
471
349
99
-84
-471
-363
249
646
213
-266
-352
-387
-266
-110
273
216
-246
-253
-204
-184
-91
155
109
-8
60
-159
-411
-66
504
297
-217
-359
-22
488
467
249
66
-25
-238
-359
-324
-300
298
827
278
-568
-340
-88
352
644
191
-12
-70
-363
-204
403
378
297
107
-305
-213
-31
-473
-436
-15
-260
-437
-251
-290
70
299
-60
8
75
-133
-82
163
-102
-59
264
-99
-222
8
-127
86
465
142
-243
-58
-122
-107
24
-226
243
487
116
-39
-38
-184
80
514
178
-71
-41
-18
267
589
169
-217
-174
-208
50
-260
-701
-369
86
-10
-261
-128
-28
104
45
14
77
71
-34
-189
-129
52
246
193
-51
-51
-18
-86
-10
201
70
-194
-233
-125
143
215
605
442
-146
-189
75
105
71
275
290
75
-249
-125
208
254
15
14
28
-55
-337
-424
-312
154
350
-202
-335
-220
-238
-270
-54
71
-27
-269
-148
367
567
217
95
-31
-252
-151
81
85
-64
-81
-215
-414
-297
7
327
507
2
-242
-222
-110
-21
32
119
331
528
40
-35
237
145
-279
-236
137
-126
-166
32
49
50
-179
-227
-153
-211
-183
112
234
-98
36
-7
-314
1
199
235
408
381
-131
-451
-159
171
385
-42
-545
-60
137
-142
38
141
-78
-27
156
-229
-88
413
317
327
172
19
161
16
-231
35
52
-292
83
222
-96
47
202
-3
-70
25
-181
-286
-180
-116
174
41
-311
-29
362
446
264
20
-297
-116
495
224
75
189
1
-210
-379
-244
-86
-33
-163
-97
-358
-235
330
319
-92
-94
356
574
389
-86
-123
-185
-243
54
364
141
-123
-262
-222
15
-96
-174
-238
-70
6
-142
-277
-106
581
371
-307
-255
-23
128
352
129
-350
-185
148
69
-69
-183
-204
213
125
-43
49
-95
-213
121
515
344
174
-143
-396
117
591
415
-130
-450
-196
83
93
91
288
91
-289
-343
-149
-39
63
-71
-568
-536
-94
-3
-15
-71
-70
-17
42
81
-32
30
-108
2
203
141
-6
-44
-208
-113
398
270
-353
-461
-154
-27
285
373
256
96
-56
-236
20
316
139
315
37
-327
51
277
81
216
220
-246
-284
-122
21
-8
-185
-111
66
-350
-569
-28
167
26
102
-15
-489
54
524
268
359
402
210
91
-116
-151
270
427
127
-155
-500
-520
188
506
188
25
277
17
-215
145
349
506
222
-82
-90
-202
-155
0
244
183
-169
-433
-433
-267
-236
-231
-239
48
132
-316
-499
-198
0
79
-99
-433
-566
-163
289
318
272
86
127
-96
-471
-268
109
14
-243
-232
-288
-290
42
88
146
502
274
-97
-300
-180
430
655
240
-34
403
391
213
156
-126
-9
98
-169
-451
-75
256
316
165
-172
31
211
-159
-259
-43
-36
-71
-21
-204
-213
235
392
305
200
-49
-153
-185
-224
191
257
-131
-344
-135
-82
-122
103
190
73
-106
-59
-137
157
164
233
337
375
579
-38
-358
-271
92
495
289
-245
-450
-542
-472
-25
285
224
53
-216
-645
-476
48
431
125
-277
-218
186
431
181
272
269
57
-117
-494
-183
627
420
-292
-292
-52
-193
-153
-99
10
164
-41
-321
-226
62
344
590
370
17
63
-124
-542
19
321
5
-199
-351
-341
-236
-40
110
30
-161
-345
-322
-338
-145
625
409
-295
-517
-17
572
665
351
-103
-383
-303
-141
-215
98
255
272
-155
-399
-127
34
-132
-271
183
262
-44
-156
55
281
328
405
355
172
-12
-213
57
387
523
441
-119
-528
-249
372
242
97
-59
-568
-282
125
-129
-138
47
-53
-8
14
149
352
123
-306
13
315
-133
-111
183
7
-236
-371
-445
3
196
-283
-191
142
-50
197
59
-201
132
310
290
86
88
-314
-255
258
123
70
-14
-41
242
167
3
-174
-304
-239
31
123
-178
-265
-322
-88
-26
97
242
93
-36
-127
-103
-37
302
333
-216
-404
-133
148
455
208
-31
-338
-565
-393
44
273
104
222
91
8
208
-18
-364
166
467
65
-2
33
77
263
-114
-191
159
-68
-330
-42
154
29
173
-195
-427
-72
48
-129
113
202
-149
-439
-585
-106
574
488
-15
93
-125
-263
9
-56
-369
-173
321
-30
-369
-313
110
413
-48
-312
99
334
86
-77
144
388
238
-88
-383
38
432
259
-23
-112
-77
-359
-279
-165
186
307
29
-141
-191
-78
59
257
-224
-424
52
-48
-237
201
221
169
169
-76
-237
-24
140
-113
-79
-338
-300
-52
-232
-8
421
167
-63
199
167
-205
-31
350
243
315
242
274
289
-86
-258
114
-60
-333
191
86
-56
-49
-168
34
447
386
-92
-263
-156
-22
124
-63
-283
-6
-86
-132
326
426
155
-34
-289
-246
-64
-162
-168
194
235
-59
-155
-128
8
21
-163
-204
283
187
-195
-132
289
686
458
-12
-98
-92
-203
167
165
-164
-49
-218
-335
212
488
276
-227
-613
-530
-52
385
540
378
-441
-633
-9
265
218
309
205
-538
-628
-92
84
122
-117
-100
234
43
-259
-173
-164
-124
304
-66
-297
175
256
90
227
465
288
169
-149
-295
-73
96
132
370
28
-300
21
-26
118
398
168
-396
-387
-54
36
181
-39
-160
104
-46
-197
-127
-160
-126
236
14
-381
-17
246
-157
-320
149
280
-71
-388
-470
-185
58
183
498
186
-331
-230
1
225
430
251
-395
-623
116
293
112
102
93
209
74
-26
-17
116
-16
-18
170
-40
-144
-23
-72
-96
154
-8
-320
-258
-242
-105
189
390
82
-316
-443
-453
-13
213
209
52
-554
-578
142
380
147
214
161
-200
-379
20
506
479
85
56
64
-262
-186
214
210
-170
48
173
136
212
90
-40
60
353
247
-279
-391
-13
354
557
181
-418
-622
-266
-54
105
196
51
-27
-126
-130
259
569
219
-174
-292
-520
-333
199
34
-61
42
37
163
314
52
11
135
-205
90
341
-13
-73
20
-59
115
370
-95
-579
-234
218
295
45
-350
-29
417
172
140
126
-292
-374
-177
-421
-455
-6
172
119
-165
-361
-152
-20
-199
-24
174
-98
-71
16
-32
38
123
-27
15
258
223
-49
-205
-13
88
199
27
-7
162
178
-10
5
21
8
190
62
-112
-159
201
114
6
128
-247
-358
8
253
316
205
32
-441
-626
-324
175
455
-104
-276
-333
-657
-304
499
431
-243
-345
-213
-61
138
33
148
225
-106
65
206
-165
-178
383
293
-163
186
127
-110
221
228
-31
-219
-138
-105
124
455
550
516
-171
-537
-412
-419
18
772
606
-129
-342
-377
-255
85
67
-132
-161
-227
-189
-256
-131
3
137
-10
-294
84
253
130
118
69
-81
-24
197
8
-1
452
380
-13
-345
-293
-285
-124
157
379
391
-167
-277
179
572
443
195
-158
-393
-67
244
247
231
-20
-48
230
48
-26
19
-225
-433
-294
-266
-465
40
285
-104
-165
-139
-101
116
-15
-205
8
-6
147
384
129
-192
-47
113
-24
218
228
-293
-119
11
-46
250
16
-90
-64
-110
229
427
192
-250
-109
71
-134
7
114
-34
-12
175
155
15
-196
-498
-594
-373
106
203
-232
-454
-429
-119
203
264
78
-305
-362
-198
-85
-73
8
339
-17
-381
182
263
148
243
55
-7
16
-39
27
259
197
160
175
37
42
30
-26
285
920
475
-175
-105
82
584
766
305
-176
-446
-606
-348
62
-147
-193
78
-326
-658
-241
166
357
365
-196
-582
-260
5
151
328
45
-152
-286
-392
40
414
347
-91
96
111
-180
-141
37
467
248
-194
-367
-176
73
174
270
112
119
266
45
110
558
706
285
-232
-336
-500
-271
138
102
-237
-512
-494
-390
-87
49
60
-34
-436
-326
87
-168
-152
172
213
44
34
-111
-200
256
99
-156
-29
19
84
131
-120
116
235
-232
-308
31
106
112
546
411
54
29
187
175
210
331
308
356
-38
-72
145
-69
-105
-66
-216
-496
-524
-558
-499
-148
91
63
-216
-193
173
150
-99
-69
-21
30
-45
-80
-73
-109
-22
82
136
-42
-46
-34
70
366
390
-60
-331
21
-27
78
418
581
571
231
-211
-277
116
296
452
377
-218
-223
242
147
90
-28
-475
-768
-449
-101
-57
-110
-282
118
97
-351
-47
247
50
-3
84
-197
-338
57
-48
-45
182
25
240
100
-462
-388
215
-30
-73
200
-114
64
263
224
303
344
126
-18
282
293
144
91
-162
48
154
-171
-79
205
-47
-245
-226
-347
-479
-180
-51
-87
107
78
5
-153
-108
-234
-111
162
372
247
-276
-368
-36
-5
-30
215
41
-449
-561
-188
-50
164
193
21
19
-100
-232
96
329
275
359
273
1
258
415
96
292
364
-21
-225
-183
-329
-73
17
-171
-30
-241
-476
-208
99
-45
54
-18
-438
-260
-32
37
104
-104
-252
-73
-107
-274
18
468
414
41
-303
-434
103
340
58
-6
181
145
-195
-379
-11
519
341
51
89
86
318
613
416
176
181
202
174
34
-227
19
-48
-328
-160
-163
-267
-54
55
-134
-135
-134
-335
-233
309
411
269
-294
-505
-114
-183
-322
-86
220
-44
-253
-269
-180
296
301
41
-18
113
-42
-9
166
-153
177
235
148
537
314
-59
112
241
301
489
243
-324
-548
4
377
131
-369
-429
-19
-150
-538
-393
117
60
-129
-288
-234
253
349
13
-186
63
57
-300
-312
-200
-7
156
-60
-124
-49
-94
54
188
155
156
-155
-504
-271
597
958
471
83
23
-88
-44
246
586
571
240
-89
-315
-86
29
266
316
-131
-215
-422
-755
-369
-149
-130
-72
-32
-44
-69
-8
-61
123
-47
-381
-109
-58
-351
154
544
-68
-533
-585
-454
82
273
280
389
-19
-373
-205
205
376
532
501
-83
-28
124
121
483
363
49
-154
41
335
213
2
61
-159
-738
-630
-20
245
48
49
-4
-306
-368
-58
319
178
-207
-71
112
-158
-240
-374
-233
163
129
-157
-587
-476
-128
138
120
194
170
-525
-490
402
844
562
407
5
-286
48
156
373
466
89
158
232
-184
-96
199
-104
-217
76
-5
3
200
-187
-336
-256
-140
38
-120
-372
-121
348
-8
-164
7
-129
-139
119
307
142
-207
-434
-558
-202
123
186
92
-16
68
29
116
249
468
405
296
404
149
-40
213
210
-121
-136
398
263
-277
-413
-292
112
269
13
-148
-156
-190
-141
-39
-4
42
94
-414
-331
307
183
-199
-81
86
-192
-134
54
205
138
-325
-319
-143
-195
-296
40
256
81
187
65
-301
-67
152
225
596
418
120
240
322
201
283
-8
-154
74
-170
-349
-43
89
-5
42
-112
-431
-327
136
177
82
-310
-591
-386
-116
38
134
-57
-84
173
-52
-491
-330
267
144
-143
-163
-138
-77
60
126
2
34
-3
-234
-255
354
648
385
26
-86
398
385
96
419
622
-77
-232
45
-224
1
217
187
118
-301
-416
-24
-48
-268
24
-15
-330
-168
-120
-208
101
90
-215
-374
-225
-49
74
69
-336
-438
-606
-234
322
166
-136
59
74
-280
-141
150
168
193
203
265
361
46
331
559
388
66
179
182
-122
11
-38
43
272
115
-139
-335
-275
51
46
107
60
-114
-308
-187
64
166
140
-19
17
103
139
156
-157
-462
-348
82
12
-224
95
-30
-116
-92
-69
103
149
66
100
138
51
214
199
-9
207
396
94
72
353
55
-353
-19
85
28
55
-173
-56
31
-105
-168
-304
-395
-91
186
-307
-617
-232
-85
-86
-109
-84
113
343
-28
-427
-213
30
216
-133
-603
-401
-185
-30
309
404
219
-435
-362
285
690
604
150
92
151
170
61
249
459
317
19
-254
-485
-218
240
31
-72
290
-32
-387
-111
-79
-61
187
174
-80
-66
-366
-456
91
290
314
157
-810
-812
416
478
67
-51
-368
-391
11
1
139
483
-10
-304
-180
-86
336
507
205
276
358
-85
-49
249
83
100
275
161
-37
-225
-274
-252
180
452
231
-195
-634
-217
278
99
-19
14
-289
-509
-351
38
178
80
-115
-206
-333
-84
388
474
-205
-685
-194
-54
-3
154
369
77
-321
-260
174
299
116
-8
81
341
361
229
-32
126
358
538
220
-185
-218
-184
-71
102
193
81
-38
-330
-444
217
577
177
-242
-258
35
-44
-155
-242
-188
-170
-246
130
33
-342
-173
-316
-342
-203
-39
138
14
-75
-224
77
220
-59
-120
45
93
140
364
281
164
241
-65
17
430
398
130
-170
-158
-98
257
237
39
-37
-202
-216
-340
-360
-37
337
271
-155
-207
-83
-409
-293
180
114
-55
-275
-811
-318
267
104
18
14
-68
-41
-166
-399
222
841
341
-162
96
-150
267
607
382
594
280
-488
-304
351
433
567
183
-211
-37
99
-250
196
650
47
-275
-142
-302
122
484
13
-238
-487
-407
120
175
-461
-182
160
-199
-221
-194
-300
-3
230
208
109
-242
-520
-302
132
170
228
100
-182
-151
82
281
402
328
-21
-344
-218
-70
278
361
-19
-258
-383
-70
230
382
344
225
51
-163
-416
-206
120
164
148
88
-229
-405
79
-67
-391
-253
-116
-127
-27
13
-303
-249
-154
-21
174
-102
-126
51
132
226
101
-145
-268
101
355
240
263
106
133
55
-86
40
121
178
190
109
-89
93
306
145
-155
-241
-41
217
285
272
-189
-428
50
481
316
-248
-478
-342
-4
-200
-431
-224
-298
-425
22
334
441
182
-320
-542
-257
97
115
337
307
155
-59
-358
-87
636
507
-140
-27
271
169
114
-396
-643
169
699
274
-92
-267
-147
446
184
-25
54
-366
-502
222
662
388
46
-557
-916
-163
200
-129
-162
-385
-545
-608
-370
87
502
144
-521
-328
-149
87
485
190
-301
-204
141
106
139
187
137
296
187
-21
-135
-271
-168
287
539
178
-121
-249
-391
113
554
260
-57
73
279
127
79
355
420
-99
-615
-339
302
458
227
-180
-606
-688
-220
95
-9
20
-29
7
61
30
-117
-23
344
354
232
60
-49
65
-104
-312
158
440
80
27
218
-24
90
42
-250
-35
6
17
289
469
321
125
-405
-399
348
536
58
-254
-57
41
-187
-264
-270
-94
190
-59
-389
-533
-310
-197
-468
-420
92
365
144
-258
-302
62
109
36
326
430
152
-45
-398
-120
506
346
-292
-466
-85
135
76
-333
-160
340
-68
-171
-34
17
507
580
53
-167
198
98
-152
-60
126
228
24
-379
-282
-52
-25
109
30
-412
-667
-200
-107
-3
410
290
-194
-206
-25
-127
69
219
354
371
-165
-302
158
328
510
523
-91
-557
-263
77
21
69
82
-28
-75
-99
210
271
-22
57
93
-160
-237
138
487
514
370
-74
-669
-693
-130
109
-206
-229
-152
-198
-278
-309
-222
-12
192
286
19
-371
-137
378
470
87
246
256
33
200
112
-25
62
26
-57
-180
-367
-150
349
428
190
-14
-555
-486
379
460
-53
-11
241
170
15
30
129
312
56
-89
26
-442
-408
210
102
-373
-241
-325
-457
-103
-140
-219
122
72
-209
-381
-210
341
531
361
113
132
-177
-285
358
519
-69
-563
-254
93
125
198
159
-76
-216
-53
2
107
262
228
294
66
8
253
136
68
268
356
143
132
179
-337
-211
152
-54
33
-125
-404
-680
-767
-59
474
193
-412
-176
379
96
167
65
-123
126
118
-139
-109
147
44
40
-119
-200
99
107
-235
-1
68
-168
-44
6
-237
-77
279
160
344
106
-359
-311
-52
339
400
-146
-510
-237
143
201
111
-171
-459
-322
-163
-300
-247
-84
54
-146
-566
-251
-3
82
273
271
226
201
61
150
200
98
302
335
122
-85
-182
-565
-450
450
623
128
-159
21
219
259
175
112
335
-47
-37
265
-3
119
9
-299
-195
243
-42
-203
155
-161
-309
-94
-59
-204
-371
-324
108
263
-109
-169
-38
-535
-335
720
694
-40
-322
-10
313
82
-170
206
519
-162
-552
-320
-40
294
102
-51
-234
-61
179
363
619
321
-119
-283
-59
191
153
190
466
237
-164
-456
-209
185
210
15
-61
-271
-421
-196
-216
-127
21
-36
-112
47
-34
-81
140
261
224
-20
-283
176
749
425
-78
-174
-394
-581
-239
172
251
75
-252
-210
222
89
39
212
154
311
329
-237
-178
571
603
177
-151
-408
-190
252
155
-200
-179
-287
-295
-139
-306
58
239
-163
-363
-183
-19
-24
100
167
159
87
-16
-54
-116
231
250
-296
-254
383
500
-214
-496
-96
71
-121
-174
88
465
259
100
-94
-131
204
120
-222
-296
158
77
-22
229
152
-45
-269
-347
-118
-177
-127
124
12
-433
-357
-84
-334
-136
325
177
-203
-223
-45
383
385
-23
-102
28
-334
-146
105
35
232
-32
-406
-349
202
309
356
247
-12
-105
-114
-16
244
292
15
-166
22
263
247
208
54
484
622
-39
-717
-492
-22
387
465
-19
-367
-428
5
284
329
-204
-686
-365
-2
-98
216
409
279
287
71
-92
-120
10
-99
-115
-110
-264
-110
27
41
137
-144
-500
-169
295
-241
-260
324
266
98
-182
-329
-166
121
140
339
233
-530
-616
-334
-283
466
495
-337
-476
-152
-152
-100
271
-195
-386
-139
70
216
43
77
332
158
-238
114
276
-205
-294
34
26
-1
57
-13
-53
-33
137
48
-218
-286
295
510
180
240
116
72
84
-107
39
154
233
-95
-631
-368
167
428
-50
-147
249
23
-287
-389
-277
-98
-46
12
357
353
-296
-328
-137
-101
373
237
18
248
133
-278
-230
308
361
234
-44
-272
110
-31
-228
172
112
-97
10
64
126
452
156
-178
-166
-122
92
52
57
70
182
-75
-350
-183
-83
150
483
116
-569
-555
8
289
201
90
-107
-178
-369
-374
-162
384
626
176
-60
-209
-46
113
138
363
260
-449
-1026
-413
396
462
483
-33
-435
-250
10
467
464
202
115
112
-134
-303
466
743
205
164
-275
-530
-172
124
-9
79
195
-216
-119
-334
-255
500
501
58
-72
-455
-806
-11
344
-69
229
18
-256
13
-80
23
395
59
-495
-259
-3
66
483
282
-294
-162
-312
-338
326
509
87
-47
-130
-216
-49
-84
-138
253
397
270
195
-315
-418
69
174
-75
16
-56
-235
-109
51
113
112
140
77
-78
-326
-83
142
107
-76
-137
161
40
-302
-165
4
-155
-84
-125
-132
13
193
166
131
274
204
56
-189
-30
329
276
57
-99
22
-123
-181
65
25
304
231
-215
-483
-290
209
203
-11
-77
86
185
-123
-52
52
-94
5
52
-58
-80
390
250
52
97
-270
-352
-348
-12
376
169
-78
6
18
-254
-43
239
37
138
132
-98
-302
-312
304
613
159
-178
-131
71
79
30
12
56
-81
-298
-62
19
300
290
-322
-260
-19
-215
-415
-34
194
3
-38
-409
-311
173
55
97
431
53
-270
-240
-658
-464
306
99
-237
81
-61
-201
-8
-46
108
152
-254
-394
-68
75
283
487
-97
-197
42
-4
11
160
-137
-442
-33
8
177
314
75
-4
66
-123
-51
131
-172
-10
371
222
6
-36
-71
-25
170
130
-88
-211
-369
-124
129
203
313
206
-15
-138
-294
-184
29
291
69
-335
-77
242
500
144
-86
-123
172
581
316
-18
-338
-185
15
-70
-236
-278
38
105
-14
115
-136
-357
-334
-38
109
270
606
32
-155
-200
-205
90
-219
-259
111
42
-226
-245
-6
128
358
167
-225
13
198
339
51
-190
-71
53
156
52
39
102
124
345
219
-137
-34
172
129
115
345
100
-164
-16
29
-61
-116
0
48
-102
-39
-21
-52
246
399
286
45
-307
-109
152
-196
-279
-102
-205
-231
-8
1
197
318
-162
-396
-264
-302
29
235
-176
-114
90
-90
-67
289
-19
-222
89
-190
-155
105
43
588
794
-8
-259
-199
-441
-76
394
111
225
201
-316
-322
11
325
361
319
-76
-163
-255
-325
463
563
-274
-521
-219
30
201
19
-321
-368
34
-137
-268
69
276
285
-245
-312
-134
-19
15
51
192
-16
4
-38
-346
-429
18
327
256
244
30
-318
-542
-45
547
447
53
-279
-250
229
461
278
-34
-443
-264
180
267
246
374
171
-233
-365
-417
-112
149
85
-47
-230
-346
-65
64
-42
286
708
184
-363
-156
-190
213
419
112
13
-141
-161
-16
297
310
79
-332
-848
-321
459
330
256
243
-50
-231
-109
64
46
107
-12
-217
-265
-277
-115
97
62
-33
-40
-262
-294
-93
-116
-305
-176
140
7
-155
-117
-57
68
219
207
-59
-362
-196
155
314
206
137
103
-237
-196
68
107
73
120
-155
-311
80
86
131
155
-60
103
244
275
184
277
129
27
306
46
-34
314
54
-383
-92
-214
-532
-325
-375
-376
1
-58
37
404
-36
-226
139
141
144
266
-165
-602
-191
169
193
129
17
241
191
-113
-290
-12
58
-148
134
90
144
122
-120
16
344
478
61
-256
-59
226
234
6
119
400
176
-195
-392
30
224
-104
-590
-952
-736
-103
289
110
141
148
-158
-76
90
-41
232
188
-81
7
48
-8
40
30
149
319
-117
-611
-192
532
525
191
-18
-120
94
255
45
404
371
-184
-156
-41
28
357
486
253
376
216
-171
-64
75
-158
-319
-167
-180
-265
-446
-474
48
194
-19
-26
-210
-225
258
493
210
-15
-32
-141
-157
-39
157
293
94
-71
-344
-486
-272
189
503
242
122
-97
-293
-221
175
490
7
-109
233
190
101
152
280
249
171
58
-185
-162
-177
114
122
-467
-296
13
-151
-25
64
-158
-305
-245
-329
-74
396
346
367
153
-8
58
-210
-522
-363
156
104
105
64
-520
-183
307
263
456
414
-66
-448
-370
34
727
706
42
-43
-76
6
102
86
27
-116
-135
-363
-296
-1
303
307
-313
-421
-321
-353
-259
-321
59
200
-68
-208
-105
-40
103
340
157
-60
-194
-329
-377
78
362
303
-38
-550
-599
-27
323
222
155
-88
-231
-234
-221
158
668
283
-263
4
121
151
497
399
50
-214
-225
-12
65
-167
-186
-37
-456
-499
167
59
-487
-147
182
50
-204
-448
-205
518
496
83
-110
-305
-61
124
19
29
339
-1
-617
-381
-6
203
284
7
-44
-33
-53
-146
-9
292
96
-26
147
431
384
220
47
200
499
68
-415
-229
51
79
200
158
-260
-395
-375
-432
-269
-110
125
168
-252
-339
115
423
410
218
-197
-636
-354
53
61
289
308
-50
-336
-281
16
234
-1
-75
326
-31
-334
123
292
81
56
89
197
315
215
135
312
301
9
76
-124
-154
170
177
-82
-124
-478
-696
-88
110
-44
-108
-135
-143
-195
-102
121
117
-285
-376
92
100
112
-87
-110
-15
14
296
-96
-439
-83
221
76
163
329
372
35
108
76
52
386
46
-197
-196
-2
252
500
455
284
279
-133
-236
116
-42
-276
-301
-310
-400
-138
-63
33
241
-255
-258
-98
-242
-111
52
-102
-72
234
41
-24
249
66
-80
100
9
-331
-553
-231
241
396
-31
-151
180
-31
141
356
-33
-37
444
436
199
301
430
248
92
-13
-6
-101
-466
-227
81
-145
-432
-334
-243
-346
-145
-69
-277
-378
-470
-530
-132
476
336
-11
-22
-47
-164
-97
214
350
22
-528
-204
340
-112
-358
37
355
285
-8
-181
46
600
544
319
208
165
278
203
-29
374
829
292
-121
51
-135
-154
341
266
53
-131
-248
-77
227
137
-58
-479
-1189
-715
207
78
-101
-142
-129
239
130
-294
-306
412
478
-120
-445
-427
63
163
-176
178
490
95
-317
-238
1
211
359
229
225
-148
8
433
450
487
220
-304
-491
-85
-15
-137
-100
-139
-98
-76
-202
-179
-184
-367
-248
-118
-583
-436
-19
-150
-49
-6
-20
60
-101
-295
-50
-31
40
275
319
-84
-162
133
95
474
320
-240
-265
224
257
-65
-212
-7
473
328
154
424
439
-9
-98
-28
-114
67
223
-135
-224
149
139
-48
-287
-552
-340
-39
148
340
75
-303
-462
-286
-30
211
448
-23
-622
-258
30
146
324
140
21
-102
33
280
380
172
-173
-133
20
-84
224
523
514
619
178
-424
-113
370
-65
135
562
345
-25
-570
-589
-57
354
305
12
-654
-1165
-485
270
251
309
-104
-465
-266
91
99
-12
-44
-515
-469
-376
-170
576
556
-184
-191
-104
-274
133
345
7
-119
109
273
235
53
186
300
442
526
218
-331
-632
228
928
501
-45
-151
38
176
91
92
18
-59
-223
-439
-543
-226
543
339
-198
-301
-264
-45
-62
-342
-186
192
121
-33
-207
-228
190
-65
-214
122
-93
-536
-561
96
411
258
-254
-292
374
168
-210
186
262
66
-7
-138
-35
387
311
201
450
43
-383
-36
204
-131
-209
-114
106
324
-115
-315
186
227
-53
-61
-115
-480
-596
-196
-65
11
-36
-230
173
117
-201
-6
88
-132
-287
-307
-320
336
597
125
-123
95
108
-82
219
464
399
176
-71
-10
130
-83
57
356
366
-3
-266
-581
-475
341
293
-273
-238
-70
-58
417
205
-121
61
-83
-268
-67
-141
-190
346
136
-237
-49
23
-66
166
111
-21
250
-49
-339
205
288
230
172
-197
-174
-15
-2
-144
589
969
293
-28
-182
165
694
314
40
117
-228
-203
120
-142
-183
34
-45
-273
-227
-118
-248
-42
-155
-437
-364
-233
-196
-252
-324
-93
133
-301
-503
-331
-434
-194
461
387
-290
-570
-214
120
87
150
73
-15
-97
-37
287
132
147
155
256
330
67
-44
110
295
111
-114
-329
73
400
-13
-113
398
337
-31
-107
-165
-225
58
314
323
287
-278
-425
-155
-101
-91
-98
-225
-147
-90
-321
-345
73
103
-120
-123
9
294
123
-120
-144
-33
75
31
195
181
93
501
402
107
103
-91
-522
-292
518
620
165
-225
-317
-13
184
147
55
-131
-296
-184
163
-42
115
328
-116
-563
-229
228
143
32
-338
-369
-201
-364
-48
236
3
-85
-21
-73
-72
109
-457
-399
709
923
334
-42
-103
174
535
503
362
229
-329
-386
92
-34
106
218
-392
-439
360
333
235
287
-307
-543
-136
291
346
80
-259
-219
-218
-387
-35
371
-26
-534
-104
264
50
-229
-365
23
243
70
-96
-142
-450
-294
46
11
245
202
-81
-7
415
397
274
240
-93
-285
-155
243
622
291
-162
-191
-148
150
321
302
-191
-274
175
161
75
-81
124
273
7
-144
-122
-178
-129
-82
-266
-359
0
81
-278
-346
-163
239
107
-368
-588
-382
17
418
499
-26
-199
-89
-110
70
369
340
-47
-179
36
-22
-204
-245
232
446
-211
-114
236
8
-150
-7
26
46
232
53
12
90
159
86
73
46
-370
-271
-42
88
232
-217
-536
-451
-381
-141
278
208
-204
-172
-125
-225
-244
9
216
123
66
-62
-70
35
102
340
234
-215
-185
382
609
151
-33
-293
-154
150
-191
-92
242
465
217
-256
-511
58
614
310
40
51
-199
-302
-135
-208
-19
128
-7
-190
-64
-309
-397
-219
-474
-26
486
-71
-316
-36
-47
130
238
-219
-330
172
177
63
-11
185
573
312
-283
-155
345
348
284
64
-217
-128
68
-18
-55
288
520
343
176
-109
-227
-157
45
378
119
-279
-321
-209
86
340
299
67
-536
-755
-426
-204
-26
153
41
-191
-63
-117
-175
219
417
108
-211
-261
32
158
-194
-214
364
441
-19
-75
119
137
14
-55
-308
-184
78
136
573
497
272
107
-404
-565
-141
216
248
376
10
-586
-500
-96
267
735
428
-428
-805
-749
-156
397
-72
-407
152
354
47
-121
102
304
249
-70
-298
75
549
588
380
23
3
70
-113
-182
37
181
-64
-276
-375
-88
110
265
343
282
324
-198
-803
-439
424
625
58
-394
-554
-193
246
120
188
-255
-709
-492
-233
-215
-63
94
-227
-226
182
173
47
-4
-233
93
212
97
200
297
253
285
333
-35
178
316
-241
-237
206
349
224
-100
-250
9
210
81
110
136
-145
-44
269
47
91
225
-220
-307
133
78
-350
-661
-555
-6
153
83
-158
-331
-520
-336
176
148
142
-4
-410
-309
174
364
337
360
235
-128
-289
-3
315
302
197
31
-202
-112
164
236
179
-147
-318
-192
-39
-139
-5
142
3
305
98
-84
96
158
138
-17
-341
-467
-292
-198
210
496
-44
-474
-378
-410
-244
211
212
-151
-66
-204
-495
-279
91
677
526
-314
-345
228
278
36
99
-24
-251
-114
73
31
178
252
117
53
-24
-121
-161
-133
224
743
269
-379
-220
235
549
458
-212
-749
-286
10
-146
-29
-6
82
-97
-617
-694
-358
-204
-294
-126
-80
-216
-183
-198
76
486
409
102
-185
-47
27
-52
-62
391
590
61
-20
-83
-28
60
127
251
2
-248
119
482
143
-142
14
134
147
90
68
166
26
-90
72
-8
-339
-297
26
82
82
-59
-548
-366
53
-384
-681
-248
4
-125
-230
-200
239
294
47
373
401
21
-70
54
-22
163
256
-21
-1
65
-95
-226
-36
263
228
58
-106
-143
252
437
622
420
-13
-99
-18
-37
75
466
133
-505
-438
-125
124
187
-111
-75
-199
-577
-677
-139
125
58
176
-168
-442
-193
236
327
198
327
220
-39
104
211
404
388
114
-142
-209
-225
70
352
-186
-183
187
-177
-426
20
429
538
652
190
-388
-109
165
338
421
-44
15
329
-108
-192
60
-225
-478
-249
-231
-187
151
19
-427
-465
-192
73
171
-206
28
536
219
-21
108
109
308
466
347
274
259
11
-449
-392
-109
221
169
-176
26
285
-3
-318
-29
261
86
-133
-172
18
340
343
10
-298
-146
58
-154
-188
79
-302
-699
-438
-186
-52
19
6
180
223
-310
-619
-319
-33
177
395
102
160
431
30
-155
229
475
313
-141
-349
-69
224
227
282
199
-267
-23
200
-27
15
387
166
-341
-177
-79
64
214
102
354
142
-476
-301
-137
-217
-228
-36
-346
-423
-113
-168
-165
-1
-35
-274
-317
-399
-125
375
394
191
19
-376
-154
312
388
261
224
-257
-868
-311
200
207
4
-247
61
209
-62
-165
56
294
36
-59
85
197
301
82
-186
238
418
112
8
-12
0
-48
-15
43
80
-253
-350
19
451
213
-31
-102
-704
-536
104
236
254
449
264
