-3325
-7595
-3697
2144
2637
3373
-288
883
489
759
5203
1829
391
-605
-2284
-155
-80
1427
-68
-1335
15
1649
754
147
-890
-1302
-795
261
1768
2021
1856
1669
-2873
-4419
-2017
1427
3164
-456
-381
900
-1454
-726
3770
242
-2492
-606
1513
1664
3358
824
-2421
-2680
-4722
-5117
-2639
4694
7753
6134
2617
2112
-86
-423
-3264
-5991
-1320
-3392
-761
2593
2994
2768
3168
-1557
2749
5870
978
-738
-5217
-5629
-1156
1945
4192
5505
2135
-1121
-3177
-633
3685
3762
1650
-2206
-3464
-3399
-1587
2483
269
-253
-171
-2156
748
-765
337
1761
-491
-1076
551
-992
230
2486
-765
491
2853
-723
-1425
428
-441
167
-723
-548
-1764
-368
-1202
170
3205
3898
1777
-1111
-3261
-2137
-2050
-836
1119
-715
-1431
-748
-446
-1807
1413
4780
6941
2323
-2181
-5322
-4820
2623
4975
5525
1778
-1033
-2933
-3069
-1882
1804
2809
3023
2647
-3640
-3289
612
4163
3844
4246
-423
-2074
582
882
2077
-1466
1131
888
967
318
-3621
-185
3131
-647
129
1576
-2830
-4119
-2370
-783
-2771
-3233
-1696
4961
4390
-847
-1157
-1265
-3921
-4548
-490
1279
-446
38
1824
636
-806
2293
4316
2088
-2049
-6975
-6720
-2155
-1083
713
4727
2879
-369
-628
1148
-1090
-3597
-4154
-5117
-4620
1322
5158
1633
-809
-860
69
-10
-2318
-1200
2227
-1387
-1760
-108
1450
1316
2680
1148
-3633
-4785
-5414
-1408
-78
-54
512
-1449
-418
1707
2626
2664
1409
-883
-4741
-5763
-4019
-1368
2880
5544
2573
-452
-3578
-2970
1214
2069
-2892
-3633
-60
1474
2810
2702
1469
649
654
1452
-2535
-1934
3706
211
-204
-1989
-3793
-1577
-854
2682
2747
3855
3836
-307
-4165
-1851
1228
1330
-585
-2048
345
-1016
-3445
308
3328
-722
496
3324
2650
-183
-1759
1306
-1807
-3810
-2116
-1102
741
970
156
-2017
-905
-4123
-5570
-1330
252
-317
-756
-688
-1217
-4333
1100
2077
-90
285
-551
-113
52
-4614
-2904
1860
3791
2955
2739
2448
1241
-552
-1271
852
-679
-1176
878
2957
1538
2050
3094
450
-1552
-1961
-83
-1088
-458
-882
-1949
1474
4754
6398
1712
-2511
-4944
-2968
-1202
1979
5129
5079
4477
-3455
-1843
-1174
414
5402
4070
1370
-2947
-1497
-1679
-3393
-617
4542
64
2851
2476
-2462
-1294
-4483
-3350
2613
4250
-1908
-4172
-3920
1353
3162
-509
-1484
-3056
-3536
-3834
-736
-1167
-549
-802
-382
-598
-2019
-836
-2165
-2339
-2725
-576
-149
-1686
-719
1503
1162
3226
609
-3678
-4982
-4946
-294
2983
2536
2724
2199
331
-4184
-415
-303
566
2548
-458
-910
-259
830
1176
550
531
2125
1194
2987
1038
-986
200
-917
-3452
-3633
-1543
1622
1145
3257
5914
2707
2219
2468
-1122
-4136
-3530
-104
4164
2021
1365
2053
-547
-226
-3677
-4749
-1970
728
1650
2782
2498
1104
-38
4
-2046
217
592
-1113
-477
2762
3105
646
-1804
-806
3073
-16
-3346
-490
437
1946
4400
3844
3885
2093
-1563
1093
247
-4658
-702
1897
565
-281
-423
1404
731
153
-1178
-1278
-1974
848
816
-2195
1055
-174
-1260
1087
306
-763
-404
-1284
-814
143
-631
509
799
-2469
-388
-1058
1206
2328
2656
1186
-1848
-1428
-3120
-1142
2261
1136
1349
2801
3554
974
-301
-187
-848
1393
2017
2964
1172
606
2728
4320
704
-444
-1125
-1397
1336
1242
2308
3230
4612
3022
690
-1583
-657
2238
736
-2698
439
-145
-3681
-1521
615
5706
3660
-291
716
-2859
-5723
-1062
2574
1633
3130
1084
-3189
-1740
-332
-425
3109
3670
228
-667
-2660
-2749
-3659
-1262
1236
1181
2507
1833
-1181
-1044
-584
-2905
-1342
-1735
-1613
-722
-1318
-1570
737
-570
-2601
-1812
323
3285
2708
147
-1334
-1868
-2149
-2885
-2578
-2257
-1543
730
710
730
-131
-511
-1217
-2200
-2329
-1245
355
588
2435
2778
-337
-1614
-2835
-1346
-2013
-1723
-805
423
1126
2181
1679
-195
-882
-2085
98
-1093
-3062
-745
-1675
-2025
-1932
-1937
1093
-1506
-1189
1879
320
-3265
-4231
-1484
295
-382
1162
3319
-545
-3444
-2988
-1389
4235
4653
4203
4528
-1306
-5877
-1621
2355
3134
6646
5249
3455
-1530
-6260
-1374
-26
-2146
69
2178
-2280
-2212
1500
2643
5166
3385
-332
579
125
-2181
-2677
-1768
-605
191
-58
4061
2833
-2018
-286
-2872
-3707
2596
3163
1171
-1497
-4396
-1988
-1411
1338
5883
1123
-2274
-1206
-2500
-638
451
-1014
-2703
-218
-1242
-2490
2577
1012
1813
-2553
-3040
410
-2380
1672
-891
-2117
-819
-85
168
-1803
-266
3567
1973
1351
2072
759
495
-658
-2120
1140
832
-1378
-88
2429
1480
-920
-1869
-1854
-1744
-1010
1428
990
2624
177
-1009
-641
-1736
-3416
-1739
-927
1326
3500
2
-1230
3190
3043
-497
-2071
-3024
-1996
-826
-521
2411
2173
30
-1227
-1224
1562
1000
-267
-796
-2488
-5068
-3154
707
1037
4403
4364
1081
1244
-457
-2024
1048
4126
2678
1443
-424
-2872
1306
2622
-1222
-3380
-2112
-1315
1199
2592
5486
694
-1085
1961
-1733
1142
828
-548
2428
1897
-753
809
3387
58
1119
5176
8
1266
3367
530
2259
2035
-1542
-535
-245
572
2792
920
1030
667
-1474
727
4415
769
-303
-2177
337
630
1952
979
2909
4879
715
105
-1006
-1340
-1746
40
3999
1688
-1077
-3192
-5896
2281
5492
2435
2338
-1667
-4185
-4814
-4185
-325
1370
4260
3523
-613
-3982
-4989
-2800
-3173
-402
2202
-872
-2377
-238
2521
983
-2698
-2552
-1870
861
3339
3461
838
-3017
-6330
-6670
-2127
1490
5803
2243
-2442
-417
-473
-648
-3762
-2343
-4688
-3771
-4625
-4527
-32
1188
2808
4924
2684
-1136
-3225
-2465
-804
-3316
1304
5113
806
-1172
-4837
-5304
-4654
-2599
-119
-292
1236
1173
918
-662
-1809
-1888
-3876
-4258
-1464
1860
397
2163
-653
-1855
1027
948
2577
754
-2738
-2931
-2785
-1152
951
-741
841
-1889
202
2842
3233
4461
1716
670
-1558
-1523
-306
-3366
339
1201
2064
3694
1792
3416
1684
-2403
-3657
489
4120
2112
1395
1557
1280
241
-553
626
558
505
1125
1196
1944
3870
3445
183
-1251
-1357
-578
4583
6034
3700
-3944
-2290
-831
-1400
4469
4063
888
3809
1858
299
952
-633
1500
1753
3330
3764
-677
-4493
-4265
-787
2847
3698
3345
4579
913
-1324
-249
-931
1390
-676
-1357
2871
1077
-4524
-3599
3968
2148
-942
-2420
-2277
-2035
-3553
58
3661
4583
2126
1742
-603
-2487
-5588
-3395
474
1298
-481
-730
855
593
1797
3533
6335
3354
-754
-4631
-4025
-794
-916
1135
-674
-5102
460
2516
848
-393
-3474
-761
815
1958
743
-2527
-912
-1182
-3127
2667
3375
-130
222
-620
-635
1269
1373
1504
-3155
-3619
1478
2069
-780
-274
3597
-1302
1350
1562
3161
2116
119
2710
-1885
-5133
-5109
-3993
-1345
2042
3085
3815
3302
3175
644
-2400
-4001
-3044
-1095
-3223
-3505
-2829
737
2861
950
295
-3167
-1251
1056
-2354
-1823
371
1606
-1129
-1792
-1810
-4135
-6313
-3778
-2079
-2318
-2057
5
1410
415
-1691
-1580
-2739
-3020
186
-507
-3235
-2466
-3349
-1915
-3463
-4224
-1449
2306
2889
1243
3166
139
-3884
-3851
-602
-119
-1786
-3495
-3132
605
1486
68
655
480
-198
-2978
-373
1127
1158
2533
-862
1062
-617
-2950
-1756
990
429
-1914
-899
-1029
-1634
-218
-1037
-1153
896
-35
-490
1254
-1996
-802
3005
1418
532
-98
2555
4284
-604
-1554
-1152
-3444
806
924
1588
3646
-2589
-3422
2052
3465
-427
-2415
-1749
1504
2214
5307
3836
-4002
-5401
-2699
-800
2900
3721
889
3498
728
-1015
1567
2655
5492
957
-3071
528
2007
967
1071
2894
2090
250
1550
4271
5211
1782
-873
-1434
952
1462
3582
2085
-330
487
-2699
-2832
-1695
2193
3143
-477
-432
1557
609
-487
683
1433
2412
-1316
-1986
1981
3144
3446
811
-1507
-1342
-2380
767
3441
1573
-976
1801
4958
1407
-4032
-2114
-313
-3321
-3308
736
4442
6272
2342
-2920
-3649
-4453
-3469
-2754
3701
5578
749
-1792
-2639
-4034
-2748
-1920
-705
-386
1448
-440
-2526
-783
-4632
-7377
-6839
-4808
1471
4694
938
-5093
-2588
4495
5178
2244
198
-2224
-5207
-3674
-992
2121
-1398
-2313
-2509
-2571
-302
353
1460
3160
1409
-95
1767
513
812
1176
-3667
-2813
420
3070
1049
964
913
-2462
971
5046
2577
264
-1377
-3474
-1707
1114
3397
4359
1186
-1405
-2019
-1370
-135
4738
6089
2853
2580
-1270
-2969
-2160
-1489
2509
3383
1310
1520
-1209
77
1885
6077
3429
-92
618
-413
1867
-308
-2519
-5600
-2292
3163
3701
6166
3571
746
-3155
-4452
-3128
-2511
1327
4823
2306
1922
5813
-1067
-6803
-8302
-3622
1
87
3400
1477
1032
-26
-2281
-3132
1398
2407
-1633
-3312
-1123
5838
6340
2455
1599
-1103
895
2251
1138
3121
-1474
-2499
-795
-4151
-1084
872
-1166
828
2096
1624
1929
1739
-68
1362
264
-2236
-2420
-1405
-1129
1280
3443
614
-571
-2235
-78
2298
1213
3577
3681
251
-1734
-1754
900
1120
-867
-1449
1787
-1084
-2809
2690
1706
2069
1754
-2269
-952
26
370
3058
-1188
-2650
-1568
1219
2498
982
1677
1025
-571
-35
-49
203
-3838
-5156
-909
1689
3961
-1013
-3648
923
3596
588
-1114
2264
-1712
-5724
-1457
1348
2884
1709
-727
932
2026
-2028
-2593
-616
209
-728
-2188
749
417
628
2540
164
-1965
2536
1765
-470
-997
-4296
-2834
1592
481
-4729
-6306
-830
3859
2275
1006
2889
1770
-2938
-5508
-2860
-225
841
1178
-1602
-850
-2197
-7027
-7646
-1642
5048
5065
4988
3234
-3952
-2463
-2655
-4604
-1593
797
1477
-830
732
1679
-156
-1740
-5541
-8563
-3981
2498
4043
-1527
-1742
-796
-740
-1690
3665
4341
1353
-3984
-3679
3128
993
363
3540
1649
-3177
-1758
-1788
363
859
-3024
-413
-833
644
2187
337
555
1417
957
-1180
-2232
-3123
-1207
2235
4127
4672
3902
-276
-7257
-4316
636
1500
2716
2967
4727
3025
-2343
-3177
-558
2844
2022
-4749
-4899
1272
-1218
-1335
3926
3518
3882
2512
2265
-675
-462
618
-1628
-2458
-2256
-1191
2451
6066
2733
-3099
-1854
1374
256
-1449
-806
-561
-3611
1175
3104
1614
3719
2560
460
1045
-1150
-1311
-383
-65
-2640
-3290
467
510
-1223
508
1669
61
-4404
-3827
-1712
-2363
328
2933
6861
7055
1084
-2320
-2178
-999
-86
-1755
-3550
-4897
-4679
-2184
2167
5237
4836
3749
172
-2169
-2407
-1203
-126
1899
1975
18
-1959
-3687
-4211
-1208
854
1932
1754
1440
3524
1664
1812
2028
-323
-2567
-4324
-5484
-1542
3139
2636
-610
537
-413
417
1490
2250
1751
-1747
-3930
-4984
-3893
1958
4233
3465
5288
654
-3402
-2662
-1933
-455
645
-678
180
2124
1147
343
-1662
-3608
-2223
-889
609
-349
-477
481
133
1490
769
-459
1335
-28
-1079
-410
1232
984
-4
-1947
-4285
-3973
-2640
2233
3563
926
2637
185
-907
-162
500
4710
3439
-832
-3206
-6157
66
3978
3181
1587
854
-3454
-5054
-4246
1312
4959
1085
-286
-3296
-2301
3047
3166
-1167
-1791
122
-274
1346
1228
-857
-3414
-4174
2015
4821
1211
-675
-665
2196
1086
-718
388
-314
171
464
-4369
-4802
2223
5998
5860
2665
1425
-3463
-5521
-3067
-2486
1116
1570
3203
3967
2555
-3307
-5656
-1496
4630
1690
-4478
1475
2657
840
-832
-1075
916
483
-427
3638
3607
161
-1458
-2546
1248
4258
3228
-148
-2531
-1922
487
174
2787
6360
2426
-2672
-2603
-1139
4509
6557
-173
-3495
-2366
311
1566
2088
2922
1870
1132
-677
1491
2256
154
-1060
-170
2573
3057
-553
2048
3002
446
524
-414
-1066
2075
2303
-1538
4770
1417
-4821
-2975
461
872
2082
-145
-1155
5802
3198
479
-1240
-3326
386
-948
-2704
-2770
-2946
-2888
-1785
2507
6758
3858
409
-2395
-3686
-4955
-5310
-4954
-704
4869
993
-2733
-5106
-3073
-3185
-1436
2333
2303
-703
-7766
-5429
-947
-953
3318
3362
-712
-3972
-5513
-3049
-482
1435
2019
52
-1980
1341
2601
-2107
-593
508
-4055
-2686
227
11
2881
2498
-422
504
-1483
-3584
1913
4032
-2180
-4073
-2655
-2281
113
2651
2041
3272
1060
449
-2657
-5197
-6159
-4048
1521
-664
424
1205
4725
4356
1097
176
-1693
82
-557
-828
-1856
-3527
-323
4468
6104
-296
-2479
-149
-1530
-2104
1668
3944
2344
1150
2924
982
-1932
-1583
-2362
1486
2304
361
598
-301
-916
259
2677
1533
3104
3182
2717
-1442
-3131
335
-780
4370
1346
207
-1408
-1074
1283
-336
-2937
-1135
2951
2754
2832
-490
-1787
-2693
-4306
-1206
4178
4798
1096
-2718
-622
-1160
-2260
1003
1170
119
1106
-1432
-1764
4737
1160
-6863
-2587
773
819
1351
3487
4585
-3686
-6616
-3857
1068
3159
1442
217
-921
-209
2153
1497
2381
2756
-870
-5263
-4244
-3394
-2934
164
3324
3644
2427
-3320
-1868
1289
-1424
608
1934
2495
2088
-1828
-986
-1717
-4498
-2125
-749
779
2760
4346
665
-4042
-1027
-1946
-6616
-100
6775
5732
-238
-2881
-2104
1028
-656
1931
2347
-2302
-3094
-6197
76
3314
2236
107
506
-764
-65
2322
2564
-1629
-1535
3783
-2884
-5787
-1038
1978
2667
2741
1503
1632
-2256
-4025
-1975
153
3330
497
-368
-837
326
3039
874
-3087
-4036
-2416
2202
2883
5328
3674
-430
-4438
-5111
-1865
-1667
1509
1210
-2709
-445
1604
-380
1014
-1974
593
-476
-2084
-2056
-4498
-1276
1595
4037
3674
1948
-4540
-6137
-1866
3491
5451
4458
1176
-2481
-3118
-4243
-2774
-3413
-1392
2813
3327
2946
-2200
-2834
-418
2971
2635
-1571
-541
-2567
-5905
147
5057
-274
-2981
-552
-1195
2720
4841
156
-2712
-4862
-677
2738
3410
1906
-668
-5295
-5275
-2223
2799
2458
3798
4912
-3089
-4488
-852
-342
-1974
-3452
42
3381
438
-943
2296
3342
-626
-3557
-3166
2892
2753
-196
1276
4669
4104
731
797
91
-2915
-4354
-2606
2471
6260
1719
2332
2991
2680
2129
215
-2960
-1968
-3061
-2310
1631
4556
1495
-2076
-958
-1098
1894
2237
850
2459
-204
-3320
3155
1457
553
2843
-124
-393
-2258
-3518
-1170
1322
2400
4621
3538
-784
-1205
-3803
-5164
1293
2443
4379
5513
336
-71
-1081
-1957
330
1743
888
-3779
107
5010
1655
2986
1823
1091
2340
-3773
-3703
-1376
660
4474
4334
812
-1681
-875
-89
393
-2067
187
2249
-951
-3153
-3073
1216
4460
1444
-1448
914
-1337
1050
3794
4681
2648
-1914
-2155
-1747
-2486
-3181
464
1735
1349
2
861
733
-1050
-1840
-1240
-445
3346
3216
-863
-3971
-5157
-1471
1821
992
1891
-944
-4643
-2303
792
-1351
-145
-620
-3900
-4543
-5754
-3620
860
4706
217
-94
1246
964
-3549
-1958
878
-1755
-1620
-4330
-3154
0
-971
3547
1006
261
1514
-2218
1856
1634
-1764
-3044
481
-1240
1552
155
-1994
4753
1983
-5111
-2447
1410
431
418
3807
2098
588
675
-818
-625
1625
1982
2971
2520
-2815
-2278
808
-1861
1111
4785
-19
-1984
210
4113
3492
1680
-2526
-3677
-4571
-2005
-1161
-4285
2980
6754
4555
2645
-1168
-4904
-3
2587
2824
-4177
-5391
-2201
-1492
3487
5497
5797
2721
2030
-1828
389
-3875
-5274
504
2056
3126
31
1654
-2882
-1009
-240
4152
5857
4063
2629
-4991
-1827
-1510
1508
7259
2220
-403
-1695
-6115
-3757
2981
3559
3937
3162
567
2348
271
-40
3369
-1867
1620
3157
96
-1356
-4375
-1219
1362
5000
3430
1259
-1214
-900
-6644
-8865
-2201
-759
4363
4497
3211
-309
-3043
-3653
-2347
1091
166
460
3689
4905
-1307
-4554
-427
-754
-610
627
604
-2842
-3639
-1106
3519
5564
3394
-1247
-4476
-532
-4175
-7256
177
4894
7034
5
-7008
-179
635
-3724
-4025
1063
-2351
-4064
2297
4088
3070
88
-3610
-6359
-5950
-4346
-1318
1373
-3284
-2381
-2997
-2102
3340
1904
3532
29
-1156
-1000
-370
-4460
-4897
-2751
-823
4616
439
-3321
-5135
-3124
-3250
1243
5717
67
-1477
-2241
-1550
-61
283
-2525
-757
1821
141
543
904
-680
-2158
845
4434
3159
-6967
-9807
-4379
6206
6090
3232
3484
-2003
-6100
-4443
713
3904
3044
2573
2908
-1255
-1619
-2627
-846
1383
-2923
-1436
1211
3017
3518
2126
-228
-328
-1455
1298
3288
-429
-169
-2427
-1867
-2863
905
326
-1209
-738
315
3282
1180
1160
-2951
833
3904
565
-25
-1687
-4197
-2971
1776
4804
2820
2155
1196
2646
893
-3504
-4295
-2247
-1958
-154
3545
530
883
4703
2974
1380
-2117
-685
3724
2529
3817
1137
-3068
-3622
-2543
-3561
-3173
3665
4490
955
-2795
-3043
-47
3225
4098
1171
-183
-3097
-4640
977
1872
260
1272
-2631
-1004
652
2101
5694
1933
-1137
1200
602
-2018
-4258
-2905
2048
2637
866
-1702
716
2693
1717
3136
5025
-1924
-5800
-2191
-432
2448
4638
4212
3392
2264
2711
320
401
-533
-1984
-2099
-221
1562
1243
2540
2357
801
-479
-2947
-2483
2438
-512
206
2396
376
313
-1904
-1091
-1175
-5663
-3179
2678
5108
1874
-2020
-4056
-1188
5276
2456
-2478
-1352
-1962
358
-85
-1964
1463
2411
-756
-38
-980
-5691
928
4975
5608
-783
-6368
-8967
-3470
2208
4464
4865
1532
-2912
-4599
962
-2573
-415
1096
2450
588
-2196
-3464
-2032
-2537
-1704
149
1080
-537
-2223
-624
-775
2472
-26
688
-1612
-5861
-2724
-2319
-517
1742
-653
1942
3379
1413
1072
1446
1915
802
256
-75
632
-2080
-833
2134
108
1597
4255
-530
-4957
-5083
-919
5060
6003
3438
-1935
-4501
-6098
-2012
3491
2327
-464
-1641
251
-2630
-2053
1486
1985
2398
-629
-452
-28
-2372
2353
4418
2835
336
-2216
-4513
-2104
1607
2363
3251
827
-242
-200
-1122
-2065
-3647
-3955
-2455
1686
2385
2001
-666
-2212
-1558
147
1002
-1037
2056
276
-919
-406
484
2927
-207
2059
1498
-1390
2875
741
381
4484
-1753
-5265
292
1220
1997
1780
2246
1492
-35
273
334
1483
-759
652
-176
-215
5824
2353
-5154
-1741
1063
255
-1459
551
3963
1179
-1162
2235
1393
-4015
-4393
-1435
1582
211
-1595
1404
3597
-55
-158
-207
-74
319
-1370
-4013
-2617
4079
4113
591
1474
1646
-3157
-909
3622
15
-1207
209
3189
4272
-764
-3606
-774
-1420
-2418
2847
6081
510
-2791
-119
-2978
-4353
1387
4127
702
-2782
261
3970
1707
-200
42
-1514
-2329
798
296
-1820
-5051
-1066
2298
2762
4422
1776
-1945
937
4500
2865
1525
-5671
-2685
1891
-2478
-234
1018
-967
-1993
-3143
-755
1063
714
2723
868
-2261
-2235
568
-632
550
-585
-201
815
-4332
-1990
856
3551
7647
3944
2618
-600
-8734
-10365
-4084
3955
7755
4290
1766
3787
-675
-5017
-4807
335
164
345
4927
2809
2943
-2325
-7361
-5581
-1806
-24
-5882
-3754
2855
6090
4789
2787
3024
1120
-2948
-5205
-1514
-254
-2116
898
656
-2658
1306
3851
-879
-3950
-2119
1492
4269
3407
-727
1436
-2630
-755
1468
-220
-298
-2084
-1872
107
5925
4685
1383
-2373
-5837
-2827
-1716
4728
6083
4577
4602
-1411
-464
-350
-756
-1395
-298
1252
-871
-398
-948
-1205
-3167
-2572
-128
2450
2762
352
282
1382
1257
2503
3571
196
-1967
-4062
-3366
-127
3932
1465
-2260
-1911
-2790
-4430
-243
6223
4320
546
-1107
-2543
-973
-1941
1521
1271
2175
3685
-1904
-2415
-1050
-596
1972
835
1038
549
904
4100
3262
3011
2102
1245
1102
-4433
-5246
-1722
520
3310
4672
3005
-1029
-2863
-2245
168
502
-2396
101
4063
3669
-1335
-643
-2458
-5161
-3728
660
7353
2857
-2328
-5428
-3945
79
1406
4276
1129
-1967
-1172
-4563
-917
-1914
-1917
-623
-2468
925
2353
650
962
1821
-1397
-3277
-3741
-3782
-1756
-482
2330
1035
323
-97
-4210
-5504
-2575
494
4516
1717
-2840
-2818
537
1481
-419
2137
3803
302
232
2195
-618
-363
-80
-631
-884
-3990
-2079
995
-928
1297
4115
3599
-1773
-3785
-2181
796
596
5674
7459
1700
-102
13
-2738
-4287
-3794
297
5965
6338
2868
2662
512
-4489
-2083
-521
2118
1600
-6
-499
-2067
-1658
1617
2099
-629
-867
1981
1350
-2158
-5823
-2244
2739
2589
-1647
-597
1320
-308
-316
-9
70
1967
-564
-1496
1517
258
-2633
-3086
-1423
-2712
-639
-1173
-1392
-4502
-2882
504
665
3522
4541
3787
-1278
-3144
-4068
-7713
-3988
61
2354
3060
334
585
-295
-1483
1010
1049
-924
1004
2551
-1026
-5393
-3035
2409
7819
4248
-664
-1481
-3110
-462
-4092
-3300
-228
-315
1042
6861
11655
5901
-6804
-17028
-16888
-4168
14246
20781
12851
-6238
-18349
-10130
12175
18637
4902
-10142
-18864
-11626
5217
18329
14908
-2225
-10843
-8964
-1348
9069
6378
786
-3170
-5368
2077
6440
2839
-2174
-7667
-3614
2406
2632
2121
2309
-614
727
2300
-2371
-5260
-2055
3161
6217
4322
2301
-1832
-5776
-2888
8
3606
3601
658
554
-777
-2938
-1762
5029
7118
3395
516
-4784
-5276
-2449
1703
4311
4059
5167
1228
-2282
-3008
-1445
431
-608
378
1541
1283
3540
883
-2835
-1130
53
2936
804
-1815
-2127
-1866
4844
5322
1147
-370
-1361
-3591
-1385
4461
5567
1736
-1354
-2609
-5093
-5757
-3168
2938
5655
5532
3918
-743
-6050
-5018
-668
376
1242
-441
406
1495
-103
-4412
-932
2853
2554
2816
-4653
-3377
-11
-281
3259
3863
2482
-3722
-7751
-2578
508
1792
-585
-2966
-3375
-155
5859
4631
2728
-7283
-12546
-6764
-943
9190
15281
5896
-5793
-10625
-11957
-4896
1601
7191
9763
7347
-2319
-12106
-7322
5733
12917
9174
-2505
-12506
-8492
1173
7524
10318
9058
-1623
-7716
-5791
-1314
2532
1133
4445
5155
1185
-6475
-6992
1218
8342
10269
5988
-4290
-13250
-12034
-1535
7975
6783
2570
-3197
-4510
-1304
4112
3765
-896
-275
-5691
-7665
-4846
-3564
774
2037
5328
4683
-2575
-4266
-2514
-1331
419
796
-3404
-4694
-3080
702
3735
6479
2822
-3010
-1149
-2648
-3996
-2013
-12
-1315
-2830
-1624
-2690
-1194
3819
4752
5010
1577
-4753
-4325
-3296
-3960
888
4661
2048
-1025
-4000
-1163
5801
5424
4355
-2217
-7631
-8138
-2255
822
3488
8158
4082
1207
-2240
-2131
-1905
-4802
-4497
-2289
-1189
3197
5832
3547
3553
-2250
-6257
-4051
-2917
1975
4476
2754
4917
-2206
-5598
-2044
-3058
3293
4356
-387
-2999
-4665
-907
3739
3283
3758
-168
-263
-393
-5152
-2399
97
-1818
3690
6961
2618
-1831
-5426
-455
6063
-321
-1370
2913
3249
3555
3486
2317
-1387
-446
1055
1242
459
-1512
-1278
2838
4052
-446
913
8326
6347
-195
-5237
-6420
-2805
1201
7801
9364
3198
-803
-3168
-4450
-121
3229
5991
1019
-2806
-945
413
400
980
1360
-3294
-1916
2643
3385
6877
6373
5
-3225
-4192
-4303
-974
2536
3309
1961
4835
2910
-1363
-3384
-5526
-1616
1068
-391
1980
1784
4423
1490
-6457
-3601
-727
6208
5274
2794
3307
1036
-3766
-1778
1747
3288
-210
-3017
-1406
158
585
-4853
-2656
2521
-267
2269
5580
3241
-2301
-6060
-5211
-2274
1318
2242
1801
-672
-3020
-2036
336
200
-405
-1132
-748
-2607
871
2660
-1748
-1488
-3195
-3201
-2495
-700
1967
3324
276
-2329
-3871
-3435
-2122
1558
3158
547
-1181
-4509
-2684
-1626
848
4764
315
-3964
527
138
-2196
-3120
-2629
-1389
-3923
-1303
3643
5939
1026
-2491
1076
168
-2117
-2981
-2614
4589
4334
885
-91
722
-2192
-3183
-2915
-2058
-590
-4214
1207
6278
4724
768
1184
775
-8660
-10802
-565
7370
10798
4879
50
-854
-2464
-1742
3193
2638
2754
2795
-1903
-2544
-808
-969
2686
1509
-2005
-2162
-1720
-347
-130
4937
4553
-385
-4216
-6427
-3741
667
3135
1639
2828
1095
-2966
-1400
26
3269
3581
1103
-647
-4373
-9336
-7278
-3310
4847
5680
-3963
-2442
2244
2901
25
516
1001
-1006
-1605
-1217
3413
142
-4495
-1021
1919
-61
-3609
4
4176
4828
1090
-4115
-4703
-1157
-1142
2157
5787
1851
-1465
-2286
-1190
1600
528
-1026
-201
-2251
-1053
1688
3538
1412
-59
473
-1577
94
-2298
-4042
2804
5381
1157
-6472
-6897
1311
4093
-293
3789
249
-6777
-7468
-6131
3449
10483
6339
-636
-1913
-3021
-303
4186
7458
4959
-1518
1084
4236
2187
-4418
-4779
-1994
-3
3014
1203
2235
-150
-2430
353
674
-2286
2137
2291
249
-1021
-5309
-380
-546
4652
8356
4697
608
-5522
-5991
-2723
1220
1846
3826
-1248
-117
3479
2372
2857
180
-6883
-4709
-608
1163
6348
7440
2469
-5555
-8240
-8983
-2975
4163
3639
-1230
-3478
-3269
-906
-1702
3371
7730
1409
-2171
-1702
-1311
1106
-1703
-3919
-3963
-3182
-145
-2217
-1482
2519
4698
1029
367
2207
36
-1984
622
-1102
-2759
-3881
-2883
-1211
1325
4876
3768
1583
-1510
-3364
-4553
-5572
-3601
-344
1597
1508
2353
3455
-2080
-1370
-1914
-3179
-1378
-1077
-1737
-2614
-250
5870
7485
1694
-863
-3112
-4460
-4131
-202
4119
3953
3255
-1712
-2599
356
-2345
2465
5542
331
-2306
-7860
-2522
867
338
3929
4407
2351
-2665
-1024
1424
1968
764
-818
-169
-780
-1838
-58
-1544
-2269
-989
870
231
655
2155
910
1994
-1520
-1555
-651
-306
-339
856
745
-630
2948
343
186
646
3836
2001
-196
-2470
-2655
-557
-2730
3142
6545
2221
-2182
-2338
-4162
-2219
6103
6819
2671
-2406
-3869
120
3704
841
-1074
2039
854
315
2323
2120
1329
-23
1831
5682
592
-782
-230
510
-1685
-3212
2165
2372
2869
1514
-271
-1925
2062
5425
4550
415
-2754
-1492
1039
2741
-870
-1881
-578
-3289
-3754
3080
6604
7391
2727
-5397
-6681
-155
4834
2828
-1943
-7420
-7218
-1305
4016
6718
1921
-3245
-2204
321
2174
2985
1415
-2551
-2243
956
302
425
-385
-1382
256
-94
-2013
2455
879
1998
-422
-3641
-3979
-4054
1500
3266
957
542
3775
171
-2883
-1260
198
-1359
-5284
-2646
-117
-740
3990
191
-3760
-4241
-3107
816
948
1991
-3604
-6480
-3590
2584
3970
-651
-4955
-3467
-2048
1053
2727
-1162
-2670
-1897
-3165
-2520
-207
3400
6888
554
-3945
-1520
1888
1136
3542
-139
-4699
-2312
-3083
-1793
608
2164
3707
1358
1747
-2216
-269
41
-785
3907
-1724
-178
2952
1004
1040
1910
-1670
-240
1020
-866
1976
1288
-3222
-2153
3930
2316
1257
1658
-1219
-3440
-2077
-804
1260
-2197
1312
2635
-1231
-1642
-1643
1317
2876
768
-1150
232
-1999
-1591
1919
1814
2879
2366
-12
1209
348
-2347
-1846
1046
-2103
-836
2390
2331
-2047
-6659
-3207
-1027
2082
7017
7863
725
-4698
-3319
-2582
-1252
-1313
1942
3463
2637
1199
-3425
-428
2336
3643
5186
2365
-175
-3915
-3687
1994
6032
8979
4390
-2799
-3262
-411
2821
-97
1433
707
-1946
-4219
-5990
-668
6797
7578
1541
-1042
414
-1097
-1001
1052
1195
-2529
-6725
-3622
735
431
2546
2764
-560
-4088
-8099
-4860
-1910
-1033
5060
4865
133
-3760
-3042
2037
2030
2826
1319
-1946
-1984
-2104
-1125
-2285
2129
1079
-432
445
-2970
-7069
-6747
-1089
2817
5953
4584
5449
-637
-8341
-6804
-1520
3126
3577
2767
-324
-5468
-5263
-1737
2508
9024
9325
1471
-4365
-7198
-8081
-301
5011
2043
-236
-6399
-1532
3968
343
-661
-2691
-3266
-2557
-2085
1084
3386
2451
984
-3002
-3972
1844
-1167
-611
3371
1371
-2720
-1999
-958
2687
1550
-3321
-393
2496
1108
1116
1972
-4607
-4468
-5459
302
7742
5848
3567
3657
756
-874
-660
-2182
-1146
-2650
566
3518
4152
4482
-1371
-7447
-2776
-1866
2011
7623
4309
509
-1327
-1696
-2753
1701
3254
3293
-921
-6899
-3828
316
4551
8119
2617
-3467
-4940
-2737
-3670
-1647
5396
5135
4082
2556
-186
-1861
1061
501
1245
2628
794
3501
1803
-1537
-2147
-1191
2438
2180
3398
-124
-1692
-4050
-2358
-38
1157
3457
1697
1211
-3714
-3635
-2181
1545
1788
1829
1607
-1638
-4461
-2871
507
2024
1096
-1981
-622
-1198
1498
-1560
-700
-1188
-859
698
-547
3690
3044
-2045
-8657
-8301
-5819
-3113
2033
3178
310
-630
3107
3012
1138
-120
-2305
-5033
-2588
1139
2126
1430
-2522
-3456
465
4098
1447
-555
721
359
-3261
-4863
-3042
-2746
3373
2011
1104
-933
-4781
-1615
1611
2781
3386
1690
-688
1327
-3250
-3720
387
1031
2208
2422
53
-5006
-1797
2161
1084
3223
1706
402
-2617
-6753
-2149
870
560
-174
2148
2948
-1477
3050
396
-2088
2075
351
-5763
-3727
-1136
-543
543
-3157
-1716
1513
4159
6046
2356
-1988
-2518
-1751
-3268
721
1690
1690
1730
2702
4135
3768
3683
345
-2658
-4549
-3116
1485
4304
-5
-325
-1419
-2863
-1592
584
4660
2438
3137
329
-3952
-4772
-2019
-2884
-508
3246
3569
3884
-297
-2224
-2008
-1770
-1554
-579
171
-787
-2003
352
2443
3563
1866
-2271
-1268
2378
4500
3077
1533
-1693
-3300
552
809
4392
5836
-696
-5403
-6380
771
1949
4179
5959
1609
-1652
-6123
-2681
2941
4332
5188
3031
-756
-6960
-5385
-3646
-1315
4897
4869
260
-171
-315
-783
3048
2688
2972
-1266
-4966
-927
1886
-686
-332
2081
-774
-1325
2252
5262
5580
6392
4473
43
-4202
-8055
-7290
-935
5311
5735
2985
-338
-2476
-905
2536
237
-1543
-321
-1868
1061
-1012
-935
5943
5069
1262
-4286
-2887
-1116
-961
1551
2656
1626
1034
2275
-2114
-4718
-5971
-4236
2467
4482
1474
603
-2434
-4756
-1112
168
2061
2732
388
-3080
-3929
-1028
3416
3983
2709
1935
-1651
-5715
-7988
-1670
1180
2036
2613
3400
3948
-3097
-1920
1560
-817
-5536
-6473
-3894
-370
6057
7219
5351
1203
-4907
-4187
300
3604
408
-824
-2984
-3450
-1999
-1024
3836
1413
393
2979
508
2480
992
-241
-1855
-788
987
-181
337
-3162
-1850
1010
-1489
-98
5410
4340
-277
-2378
-1556
-1584
-1051
-1776
-1494
-1546
-2625
1626
1309
-3895
-3578
433
4501
4603
-2918
-4452
1558
2317
-550
-1731
-1250
554
1077
-316
723
163
410
2435
-807
-3191
-3032
-2289
-1150
307
1761
-1103
-1845
-4682
-3012
1549
1876
1599
580
589
-192
-1793
-3386
-1188
605
-1679
-2240
-720
2908
5919
2460
-211
399
-1881
-2060
-1980
-2646
2044
2354
329
438
-1715
-1545
2397
434
1314
1331
-3578
-3318
-5797
-4436
4680
8921
6084
686
-3616
-4041
-1134
1805
874
-1365
-3361
-378
2341
1646
151
-813
2568
634
-2243
-911
-7
-3020
-5070
-1527
4909
11340
12549
4215
-6390
-10650
-7167
3132
11283
8428
2573
-2774
-7669
-5076
4240
9632
5698
-2566
-4796
-7089
-1542
3155
2251
1774
146
-690
-305
575
-3057
692
5471
2403
4670
223
-6817
289
3694
5908
3909
-2173
-335
-3827
-7169
-1306
3837
3890
451
-2650
-2409
1637
4927
4136
-272
-4929
-3085
-3236
-2596
-1693
917
3212
3175
1452
-847
-891
-2000
811
1096
-2274
-1972
-906
3766
7530
1267
-4236
-1157
1676
1990
3072
141
398
1182
-98
-430
-3079
-4540
965
4792
3232
1526
-2832
-2483
677
-40
110
-523
-3873
-3133
-3511
-577
762
-2281
76
1432
3551
1442
-930
-3313
-5271
-4699
899
2332
3002
1649
1193
-918
-3441
-3929
-2267
2631
2120
1137
-650
-1858
-3583
-3494
1150
3457
3526
3263
-1340
-3720
-3927
-4342
-77
1523
1443
3656
-1695
-1297
410
-855
-363
-1034
-1497
1679
2070
-311
1299
2923
528
-1594
-1850
951
2645
1466
520
-2457
-1969
-1180
1150
3117
1056
685
-92
2976
1719
265
1458
-5064
-3388
-541
245
4763
7741
854
-484
-971
-5062
-251
2798
6817
6181
-1632
-6712
-8003
-3660
2189
9332
9771
4223
-1615
-8483
-9544
-2156
2079
6024
4734
-1637
-3673
-951
2352
3680
5367
3828
269
-5292
-3021
351
840
4219
659
-2983
-3620
-2088
2553
3552
4619
2266
-3570
-5243
160
3884
1962
-767
1513
1523
-2356
-1650
1162
2183
3197
1524
-1537
-1505
-2533
-865
-4884
-1235
4954
2363
216
-379
-1006
1264
2072
-898
-1457
-3403
-2270
1450
-1989
-3714
-760
7464
4825
-1060
-1503
-5325
-5225
908
3560
1683
-1997
-2096
448
1886
2762
-586
-2032
-658
-1721
4432
4167
-66
3533
-3155
-7334
-5024
1697
8928
6584
-1477
-3444
-3941
-4781
-523
4942
2508
2493
952
-1128
-4274
-7901
-5942
-470
3064
67
-769
-70
-1107
-854
-1707
-2228
-4344
-2051
2937
3193
-276
880
-2776
-4369
2883
337
1352
677
-4506
-5449
-2386
1699
3988
3623
1190
778
-4376
-8873
-3349
1356
4116
1003
-3620
-3923
-4661
-4166
578
7392
4197
654
-5389
-7145
-2772
-1837
-15
595
2014
1442
-2769
-4619
-3731
-21
4082
5213
5621
2832
-7442
-5571
-1007
-1064
3115
1441
-2950
-2038
-1720
-992
-394
772
6142
2805
-4551
-4188
-2441
-560
-2080
-912
3356
4824
1757
-44
-31
-60
-3458
-4964
-3685
-3007
1297
2401
6369
3946
3663
8
-988
-5369
-7470
1847
-30
-3013
-1153
1032
4576
4701
4054
6535
-1214
-7460
-3994
-2855
-1181
2365
5395
3387
1250
-275
-3150
-3188
-366
6545
4636
1582
-2197
-5446
-2423
-1238
297
382
1084
-300
2797
3352
-46
1013
636
64
-234
-2778
1978
6198
3295
2758
-935
-1847
-484
-1626
3872
6198
1835
-1026
-3624
-794
505
759
4835
3747
-1717
-4895
-399
3378
6888
2868
-6569
-6135
-1369
988
-881
985
4293
3187
2667
5343
4446
1706
327
-4097
-5169
-1972
-1126
2045
3591
605
863
-4681
-6086
-1045
1839
4337
7512
7929
2071
455
-2997
-5727
-4771
4224
7210
2588
-2762
-9414
-5348
461
5702
6037
1516
-4797
-10994
-6727
-1404
-285
3449
4999
-5615
-5521
4810
3617
4908
1021
-6238
-4233
-2347
-2896
1047
6350
8135
-635
-8692
-8910
-3698
7960
11572
2506
-10744
-4658
2701
3331
5699
747
-5638
-3239
-177
3409
4904
1844
771
-1895
508
3674
4489
892
-2259
-2378
-3274
901
3144
1499
1040
-560
-2131
2033
3475
-1507
-817
430
28
2911
-32
1677
2126
-2970
-2405
-544
1928
-3478
-7053
-2214
-750
2438
4527
4618
3020
-648
474
888
-131
-563
-3
-4172
-3045
1735
2104
1134
4818
-731
-4137
2130
2132
1345
-2831
-3691
-4305
-2679
2175
3472
8230
4008
-2369
-2717
-6435
-1813
488
517
4933
-330
-2127
-109
-3124
2183
1760
-2084
3727
2069
-6523
-4196
-599
3174
4151
-3805
-3491
-4362
-3158
3865
6117
7850
2132
-3604
-3079
-6935
-3889
856
1363
4431
7240
552
-3977
-1641
-4477
-6093
-4304
-3350
-783
918
3573
5656
1890
-1020
1739
2765
-2285
-524
-3384
-6761
-2095
1048
7253
2271
-1482
-1935
-7941
-5755
834
4219
7969
8787
925
-6149
-9483
-1609
14680
13645
1019
-7587
-12060
-8760
5102
10053
-1775
-969
-1918
-3315
3710
8739
4452
-4784
-9902
-3433
4782
2553
-4504
-9020
-3699
4983
8246
9000
1788
-6769
-5151
-1841
-1328
-21
1241
-4147
-1275
5756
2514
333
-1061
-6450
-2031
1537
1982
8275
6655
-454
-6969
-3850
-46
560
1458
2547
-1405
-1625
1206
-4029
433
3036
991
-1300
-5895
-5461
-2248
1487
5610
2388
-3360
-1760
-1225
2050
5777
6229
4159
-2464
-3134
-5178
-7106
3018
3653
-195
1868
-2439
2865
5673
-113
1472
-3612
-3152
-2482
1381
3604
1851
817
-3337
-164
-960
961
2771
-228
-1877
-3151
-323
-149
358
2498
5686
1290
-2770
-4071
-6646
762
4560
3056
-625
-1545
-223
737
1024
2937
765
650
2825
3219
-667
-4319
-6065
-8044
-771
2737
5929
7308
733
-4052
-2736
-3068
-1532
279
-609
-75
893
1910
1934
2980
-3330
-5679
-389
1201
-236
6431
8884
875
-5011
-10863
-6922
8131
12002
4950
-759
-9858
-9203
-563
4800
10709
7243
286
-8230
-9202
-2612
5717
10888
3970
-4080
-6466
-2130
-1526
2140
1940
2886
-16
-8126
-2603
-19
3912
2521
717
2134
933
-3401
1217
1730
-3351
-3736
-1672
-606
2428
556
-984
2574
-1827
-1379
208
-2948
-2924
151
8247
2475
-1991
551
-1622
89
-1445
-4191
-610
4379
-1205
-925
-717
-1512
-340
-1369
2995
923
-5061
3238
2853
-2548
749
449
-2269
-4114
-175
6142
2120
-4489
-2999
808
2422
-260
1663
2177
-553
1492
-2364
-2871
-4641
-2337
3820
2865
1968
-5023
-1461
19
-465
-769
-3558
-1204
-3216
-4142
-1527
2951
-553
-938
1610
295
-5610
-3204
303
-1347
-1505
-2580
1855
1923
-2463
704
1001
55
-5585
-9365
-248
4440
3470
2096
-397
2989
-2360
-1862
1148
1003
1508
-4114
-654
-353
1517
5637
1093
3510
586
-4655
-6185
-3555
1287
4527
5003
1478
-545
-2978
-1192
2111
3919
1555
-6214
-4468
-107
4048
5840
1703
775
-3095
-1538
2730
-756
-633
-2630
-497
987
43
587
878
3265
2905
-3110
-4550
1415
-2142
2531
4949
-1682
-1929
1592
5254
6034
2097
-2757
-2713
-2026
-887
5501
3677
2429
2624
-2344
-1838
29
-380
659
1229
-3168
3402
5440
-1280
696
106
5560
-412
-5947
-6856
-1655
841
-5201
3187
2904
334
5906
3773
-395
-642
595
2521
4647
-2990
-6018
-192
-1595
-2030
-188
2796
4107
910
913
-2008
135
2312
-470
2532
-2638
-202
-4643
-4079
3096
3551
5266
-1804
-6745
-2855
-1253
7022
11170
2398
1876
-1784
-6929
-4165
-919
24
1416
-580
-473
2782
775
1306
3251
2312
541
-2740
1844
-654
-2043
28
-661
2932
1083
-787
-2186
-397
2825
-1443
280
2641
2845
1283
1686
229
-4601
-5207
-3417
1408
5018
4092
1345
3556
2407
2227
244
-2866
-1528
-3288
-2513
-2811
700
4857
3002
1205
12
1446
-807
-1622
2187
3681
-4420
-5337
-1552
-2140
4089
3920
-1639
-529
682
-2287
602
3326
2557
811
-2456
-7637
-1154
1755
186
1046
-2257
-5504
-7364
-2708
-970
2963
9003
3514
688
-7699
-10697
-8683
-111
6498
5411
5942
-2272
-6887
-8437
-5898
-2304
3849
4787
622
-2295
-2602
-2742
703
4512
3807
2689
-2218
-5164
-5350
-1648
-330
518
872
-1474
-2199
-1054
-739
2962
-3972
-4812
-721
1172
7893
6752
2255
-2022
-3945
-3732
-6959
-3460
370
4911
3553
1325
3002
-1538
405
-490
158
-1724
-4797
-292
6119
4833
-642
847
-377
551
2303
2706
6385
4270
-1912
-5251
-3728
-336
2818
3564
4635
5476
1110
-2217
-4563
-4304
-2774
4668
7228
4544
3809
-2801
-3431
-293
-2119
4277
7413
1059
-8328
-6902
3582
1537
672
3824
4491
-4476
-6566
-2512
3011
4076
-2263
10
-42
1910
1062
3982
-1889
-4681
-6732
-3819
4063
1781
146
-4101
-4115
-3726
-2320
2722
842
-1515
-3232
-3712
-3275
1257
726
2460
-1450
-6019
-1877
1625
6022
2573
-462
-3578
501
4507
796
1084
-3241
-3985
-663
-2983
-925
497
1457
3803
399
-2792
664
3354
-5
-3663
-4992
-662
969
73
1195
514
-812
-1690
-986
370
-3317
-283
1343
-1081
-5358
-6714
-1258
2148
4011
109
-717
52
292
-102
-2068
-1569
457
2032
161
-1703
-3653
1193
5558
1666
-1239
-3568
-2199
-1272
-4868
-447
8713
4128
1026
1848
-399
-4121
-3051
-2751
-1449
2411
2273
5123
-865
-1202
2259
2041
-296
-2615
640
2980
-218
-3433
703
2434
2673
700
123
703
3407
7008
1830
3819
3329
905
-1938
-4339
-3072
-3524
3769
2106
982
639
-1938
-985
2696
4340
3057
-3731
-5634
-455
2452
3564
3962
4209
4211
1368
-3562
-1828
1329
3403
5157
-2288
-866
-2304
-3974
-3760
40
6666
5490
4283
-1809
-5642
-5106
-3541
3342
4073
3266
5049
-151
-5940
-6963
-3838
1438
1627
-292
-924
-1813
-1587
-1894
-3741
2981
6999
2204
-4086
-1156
870
-472
-2873
-4036
1059
1800
1528
-802
187
-3816
-4766
-484
5285
8237
3145
-608
-3803
-2182
-1808
59
899
-294
-1806
1806
6241
1479
-1890
1760
2437
-304
-1980
-2330
602
4218
2453
-1298
-1476
-3450
-1208
1511
1313
1106
-2187
-1899
-102
1993
868
-2495
-2308
-2473
-313
3525
2875
1131
-576
-119
-182
1681
1564
-1878
618
-2796
-319
-1799
-1108
115
-1878
1722
429
-254
1702
3289
896
1019
2361
137
3087
601
-1521
-1215
-3126
-477
3736
3531
1982
-2370
-4856
-4249
-175
5782
1787
-1008
2133
-1754
548
-679
73
595
21
1157
893
2412
-3247
1770
-7
-2943
2594
1448
762
895
243
3451
-798
-2071
2185
-3639
-3849
-6066
-2366
1661
1594
5242
1133
-1221
-2949
-7139
-3554
-77
1364
4763
1478
-1449
-2994
1414
619
-3730
-3981
-840
2258
2838
441
-1383
-1401
655
-357
1269
983
-404
1832
3244
-1787
-1834
-3511
-1052
5856
4474
-1677
-6343
-1387
2386
4509
1139
1804
2977
250
-746
-4060
-3674
1330
2412
2718
983
712
-596
2438
4267
2146
216
-3282
-1310
-900
2596
1206
1072
4975
18
-779
-925
-1120
223
-2692
-331
1083
-2094
3092
939
-1569
2364
-1473
-1384
-1979
-2468
2217
1566
1434
1682
-915
-5446
-1092
-2369
-366
2009
-436
5313
-136
-2861
-196
-1943
-2796
-3980
-247
1439
-1920
-279
-481
-1006
-4105
-7848
-923
3839
575
-1766
-1762
-4120
-3291
-2689
-3036
1611
813
-4242
818
4909
82
-4299
-5524
-1316
1672
2065
310
-2317
-2251
-4023
-4799
-667
2967
3076
3663
806
-5177
-4742
-2542
-1212
2823
2939
-266
-5602
-4883
24
3045
6901
2709
-184
-4561
-7838
-8107
142
6569
7927
6554
1585
-7345
-7557
-2908
-5528
-1324
2721
4072
4783
2293
1937
3656
2353
-51
1630
837
-2612
-3767
-2469
-1546
2396
2634
3927
7566
4146
185
-370
-3552
-3576
-4429
-1773
4372
8294
5742
1517
-1872
-2333
-1250
1353
2027
1743
-129
166
3069
-942
-2360
-1092
604
-376
1856
395
-516
-1487
-4589
182
2651
2069
2639
1772
-1440
896
-1136
-706
856
2028
4440
180
-2076
-6108
932
2085
2287
1053
1263
-486
-5086
281
-609
17
3707
825
-3579
-2321
-3811
998
5200
2086
3588
4997
2536
-2678
-2335
-4618
-2120
4704
6396
3403
773
-107
-3326
-1633
1922
6072
1851
-2361
-4008
-3851
1393
3334
3861
2416
-470
-2405
-2379
835
1713
2167
1536
332
-1370
-3522
-2258
-76
5932
8187
1978
-1359
-2712
-8512
-3822
3030
3878
4028
-482
869
1394
-3141
-949
3267
3278
2762
-1249
-1570
-3103
-536
3799
-1694
-2638
1251
1387
4107
107
-1553
4
-1777
739
2066
2405
2971
2402
2033
334
-1659
-1339
2636
2478
1671
-244
-1703
-3167
-2616
2306
6813
5339
-3593
-7060
-4790
-5350
5035
9993
3353
-632
-6616
-5312
-178
125
-1294
3022
4998
-852
-3702
-4826
21
7595
3230
-287
-4333
-7632
-3198
4344
4428
1376
-2377
-7449
-6851
-3976
1039
5525
6764
1555
-6877
-10742
-4943
1585
5489
4164
-1708
-3032
-5756
-1703
-3338
3703
7379
2736
-4171
-10516
-9339
-6773
-961
3822
2387
172
191
-1604
-2414
-3324
-1485
-678
-1594
2314
-2449
-5704
-5425
1161
5344
149
-2334
-1965
490
492
-1946
-3966
488
4302
1991
113
-1499
-2647
-3258
-2802
-3198
-4810
1395
4742
2478
-1316
-245
-1544
-2208
-259
-2757
156
6419
2270
507
2860
1734
1947
1442
1036
2011
495
3411
-1102
-2936
-2705
-3478
503
-1335
-213
5162
6253
4318
1087
-2448
1880
620
-2382
-65
664
3275
8097
7050
-106
-4570
-382
1236
2068
2046
-932
5330
-967
-5958
310
2917
2576
2965
4605
2371
-1270
-2897
-3685
-4144
2599
1365
-324
4133
6779
2260
2022
2339
-2830
52
-115
-1404
-4977
-1852
1239
957
3494
9317
7721
51
-5083
-5367
-1861
1373
1717
652
4671
886
-1483
-2179
-1298
987
1874
3390
954
-3682
-4987
842
6266
2129
-3613
2482
2842
-4862
-2751
-588
-2021
-742
-4238
-3864
-2552
-5305
-247
5316
4555
4192
2260
-1624
-5423
-8054
-5789
-534
2548
594
-1721
3004
4271
-714
-5307
-1731
2746
-1232
-4071
-5846
-4488
-1441
-5339
-5087
2883
7260
7903
3375
-2465
-6422
-9381
-8101
-2281
2982
-1422
1656
8380
5423
943
-4366
-1910
1657
-1962
-781
3844
-367
-5393
-1438
1063
-2475
882
2180
2145
518
-4834
-2169
309
-1397
-344
4189
3522
3851
266
-5530
-6547
-4325
1652
1661
4244
2985
1564
2222
1758
-2255
-3036
-1507
-1102
-2332
-2442
-1188
-1402
4861
1676
-2147
641
1678
-245
1522
-696
-4136
3337
-1151
-1170
1671
1900
5933
2006
-2831
-5916
-5157
3424
5291
314
3249
1188
-491
2407
2054
1944
720
-2147
-3527
467
4426
2969
4009
1944
2714
4029
-1099
-104
-868
-3957
-6953
-6017
4075
9226
7477
7082
1456
-4577
-7855
-7584
4579
3827
452
8266
7864
4143
1483
-5763
-1528
-667
-3816
828
2657
2471
-150
-2929
-1880
470
2719
7010
4729
1596
-4693
-5656
-5284
-2288
211
260
3944
4361
5069
1161
-2460
-723
-4116
2673
3940
-212
337
-3312
-3469
-4129
-1456
4520
6584
3400
-2920
-2098
-1876
-2298
-2309
-996
1614
6944
2171
-3750
-36
5433
1452
-7281
-5015
-7242
-3989
3739
3057
2390
2672
5062
3544
-2547
-4213
1668
-701
-6401
-6710
-5860
-1888
-1010
2067
57
-3565
-3392
5123
8387
4403
727
-6813
-8888
-10553
-6212
144
6243
10687
2780
641
3724
155
-3135
-7721
-15561
-12728
-7229
3476
4372
1837
2363
1114
1831
1982
2260
-630
-3000
-6226
-6837
-5727
-2308
-1868
1948
4863
3028
3686
158
1144
542
-3156
-2832
-2160
-3459
-4943
-2517
95
4722
2203
1809
1209
-3458
-777
2988
2341
-413
-1550
-2851
-4508
-3191
315
1178
1496
-102
266
1878
984
381
-211
2227
-184
-765
842
-420
-4511
-7499
-2332
4653
6308
4019
3344
2391
-2204
-2420
3966
341
1299
-2189
-8027
1051
3391
-567
931
-783
-1294
590
728
821
4016
3344
-3144
207
-3475
-6942
-551
3725
4979
3502
4206
5050
-841
-4365
1174
3625
1102
-7673
-3953
2984
6799
8482
1747
1955
980
-630
-3750
-2314
1162
-1835
-3015
-3674
336
2084
2759
3767
689
629
139
-2363
427
20
-5305
-3278
-3717
-4170
2118
3688
4675
8430
5295
-4155
-7253
-3747
-193
1088
3533
5134
-1403
-2730
258
801
1454
-1064
1692
4853
2485
-186
-1163
1708
959
-245
972
-4260
-704
3875
2154
4022
3151
2529
2934
862
12
-2276
-2801
-191
-1269
1977
3503
2912
698
-2008
-98
1249
2907
5052
2953
-6125
-6361
-2208
-2867
346
2167
362
2136
669
-1897
-3542
-677
1226
-31
1021
4215
4333
-1523
-6534
-5577
-4108
-2718
64
6438
7992
1260
-4258
-4080
-331
-1488
1842
2811
303
-2419
-3288
1660
4418
-2239
-4403
1845
2646
-3607
-293
3104
-141
-1228
401
1043
1147
-1247
1546
273
-2657
104
2593
5163
3429
-73
-1829
839
-2685
-3599
-1742
644
1956
7061
2189
-5570
197
3544
5871
3488
-1190
1350
1818
-1511
-4307
1187
7711
3924
-833
-1235
-3404
-3910
2269
9497
7662
-1071
-2717
-9592
-6184
4133
3671
3651
4228
3515
2397
-2533
-1859
-1626
-1842
-549
2106
3352
-1903
-2060
-2881
2895
4219
1223
-1279
-2387
-1892
-2058
757
-802
19
-2258
-4309
-1797
-3626
-2235
4711
1855
-3162
-1945
-4791
-271
3088
-1085
-3566
-2084
1217
-724
-4667
30
3544
-1002
-1839
-1392
-2217
-3747
-3911
5347
1494
-1546
916
-2214
-3135
-3209
-2726
-6307
-911
2034
-3463
2585
6430
548
-1718
-2935
-3694
-1948
-1716
1746
3176
79
1460
482
-804
-3781
-2363
743
705
-91
-693
-336
201
-1818
-2027
812
3423
-1552
-1011
-259
-192
-2630
-715
5644
4485
590
-2559
2746
-1954
-6216
-3808
1764
6413
3270
3352
2110
-3615
-4407
-395
-608
-1201
1755
-1573
-2279
656
2357
3338
3196
2509
913
244
-2277
-30
660
1916
1825
272
2276
-2565
-904
1457
-1246
5554
5161
-4294
-1866
-4989
-3911
-2365
-2016
4298
1908
-1075
-551
44
1356
-622
-3848
3788
3111
-3985
-2520
-1372
3967
1161
-1614
2109
2306
-5267
-5628
-993
-342
4151
4741
6383
-1168
-3746
-1025
-5012
-3493
-1356
-549
486
-3151
2572
7251
4461
-1867
-2133
-826
-4741
-1571
1738
2094
439
-253
4936
1791
-3211
-1887
-2837
-2625
-358
-2203
-2358
2856
2338
628
2035
6468
3158
-1043
1159
3702
1445
-3903
-2957
-1468
745
-1076
-1382
3861
1709
583
877
-673
1947
3957
-1854
-2545
3037
-103
-1910
1376
2639
1647
4239
2075
57
1585
2178
92
-6477
-3942
3858
4944
4105
2732
489
-5089
-7472
-100
4515
118
1859
2293
253
-5431
-5568
-667
3592
840
-2569
-1709
-5
3005
-2629
-3342
-2630
1507
2110
-321
-88
-1734
-281
146
3531
-449
-1013
-1191
-4145
-2338
-3171
294
495
-132
235
-1034
-840
-678
638
910
-160
-761
-1911
-1599
-360
908
139
38
-2936
1497
3253
-4807
-3097
3465
3952
-3275
-5327
1240
863
-423
351
218
1046
-3163
-4468
-6442
-4755
-1243
3513
7054
6149
3207
3057
892
-4053
-4722
-4796
-2275
1133
5687
2945
-3080
-3538
-3579
1266
30
3711
5738
-2100
-4701
-2359
-69
479
63
4007
1976
-87
-809
-2098
319
1041
2753
621
-2253
-4879
-3377
1173
2836
1778
3486
4643
2517
-2961
-5824
-2934
2649
4917
3604
3096
1321
-804
-242
-1693
-2605
1558
-979
-1297
-2317
1974
5701
1946
984
-1886
-4638
-1574
2731
3741
286
-6913
-5863
-2147
-5500
-818
2454
3482
3435
-889
-43
3948
2297
-1892
-2909
-4399
-2490
-1062
-1028
3741
1238
2751
5050
3672
1488
-5742
-5767
-5466
-3778
1568
5170
7812
6731
1352
-2007
-5354
-3961
3733
6401
1658
84
-174
-3828
995
2461
-398
4921
651
-2687
-932
-777
386
1168
2996
-704
-3734
670
522
-1977
1751
-1147
2524
5621
2502
6
-719
424
-1705
-291
-3058
-3116
-422
1640
2987
-161
1901
1621
-443
1367
-2452
-2683
4514
2916
3600
1460
-645
-3604
-3130
-3040
-1762
1790
4789
4339
-876
-3338
-5002
-2268
-2719
-631
195
1634
2787
445
-609
-2043
-188
-1037
-2075
-253
4689
914
-3658
-1291
3922
4080
-2275
-4382
-2942
-4015
-3805
668
5153
6490
2001
-423
-3555
-4443
-1116
-3066
874
2780
1278
276
2019
2090
3436
247
68
-2819
-1515
554
-297
-234
-710
2993
1509
1768
-204
598
1946
650
-812
-4190
-4874
567
1527
-1696
-1626
1205
439
1434
2223
-158
-280
2643
-917
-4310
-1861
-2374
-804
3737
2361
-1825
-2826
-3250
-1124
-2394
-948
3516
1741
-1867
-1974
-525
-457
-847
-1157
-857
1349
-418
436
760
1010
-2088
-3960
1288
-599
3944
2888
-3379
-1737
-2967
2231
3028
1666
2224
-1481
-1418
-6824
-7015
1519
3017
4818
4330
2305
-1386
-1937
-3551
-866
1226
1166
1256
-3060
-4309
1687
2915
3501
3458
2353
-799
-1251
1974
3046
1514
-2336
-4093
-1932
895
647
317
1487
1306
961
4554
1701
-1579
-2114
-225
-59
292
3848
2389
1998
-4124
-5320
2509
4817
1671
3811
2295
-1162
-4701
-3280
2554
2225
4010
216
-1663
215
-613
2068
-980
-357
3836
403
-472
-4025
-2516
2403
-991
-1319
-4901
421
3169
935
3848
4238
4100
1117
-6110
-8348
-440
2477
5641
6525
464
-1078
-4106
-3522
4031
5549
-1614
4108
5186
-1857
-3613
-3007
-271
1852
1301
2501
6278
2245
-2060
-4510
-9008
-6952
284
5158
7607
6305
-1845
-5230
-5720
-3577
3430
5794
2531
-442
-3561
-4284
-1942
-1045
4478
4872
4850
950
-2437
-2788
-1224
1208
-214
-1950
-1987
435
1900
5251
4990
1100
-5361
-4224
1386
2674
1383
531
-1361
-4151
-330
1100
2091
-593
-4480
-4126
-3260
-3543
-2963
4105
8441
-2917
-11920
-6805
1226
-525
-2807
-97
2377
974
-4626
-7802
-2581
5032
7338
5031
1640
-7149
-9727
-3473
-1536
5675
6644
3109
-598
-2580
-7686
-5671
1768
6650
8102
-1814
-3083
-695
-6601
-8589
-1870
410
1953
1336
-4918
-265
2139
1548
4105
-626
-12279
-4179
6851
2938
413
-2309
-3171
-279
4171
7931
3693
-1171
-7657
-7099
-2641
-1278
4974
6441
2772
1650
-2579
-5032
464
758
2121
3122
-350
-2243
-1221
516
4493
371
-2737
-1461
-2883
1922
3490
2862
2517
-3280
-1024
1005
-612
1749
-156
-2021
-124
-2006
-807
278
1861
3334
4488
-4350
-6227
-4746
467
6802
4555
-2532
-8555
1417
6829
5094
-1627
142
1504
1867
-564
-3386
3912
3416
1271
-4339
-7114
-4820
1212
1800
-434
2441
1958
2280
2160
-215
-429
-620
-2283
-1935
-888
-985
3733
495
-5908
-164
3526
5573
1751
1112
868
-839
81
-678
3590
1048
1008
-332
-1833
1490
3039
-77
1432
1873
-841
1212
1032
-1045
887
3100
2335
-1044
-3606
-501
1853
548
719
2150
2722
-3878
-8639
-4713
1161
4779
5229
4715
3364
-2015
-994
319
-3223
-4766
281
2815
2632
2996
-3552
-1745
4535
8274
7676
-1045
-7777
-1543
2883
979
-769
-2897
-2782
111
3681
1967
-2861
1831
4027
-495
-2161
-3446
-2726
-2490
-1028
1622
2683
7
-3580
-164
1909
817
186
-1619
2343
222
-3898
-5395
-2521
-1844
-1715
4357
-1743
-4510
1976
-1133
-934
3714
6242
3036
-5613
-4726
-1463
6274
6204
567
-3031
-8721
-2051
6869
3765
-953
188
295
564
-1381
84
3327
-2228
-4798
-4386
-5096
3503
5512
670
-2152
-609
-911
1625
2989
-1089
208
-758
2424
500
1230
361
-4250
-1455
3018
3822
2912
313
-1247
-5111
-6141
-872
97
734
3729
3896
-4265
-5263
1454
3665
-1923
585
3707
2662
-2336
-1806
-2622
-8410
-6967
7352
7531
3725
-619
-1854
596
-4869
-2423
-4942
-2111
-1595
-1628
-223
-1217
-1177
5043
3439
-2766
-2651
-3847
-2399
-421
2050
-512
-7
929
-2796
-3722
-4555
-612
1543
1499
2465
-1790
-2849
-4104
15
2078
4686
2931
-3606
1740
60
-2830
-47
-238
-1994
2959
776
1806
-254
-6142
-4851
4897
6090
3252
1698
-448
-3138
-5995
-2023
499
3271
2600
344
827
-281
4962
6368
-390
-829
-2536
-286
1659
2737
4492
6386
2973
794
1327
-703
2637
2754
1980
-2808
-4557
-1826
3748
4469
5251
6599
1082
-5190
-5309
-1540
1435
3145
5393
4256
415
-4929
-3439
-2037
-1419
2123
1353
2484
2239
4652
-2835
-741
3974
3086
2351
-3746
-4184
-7635
-8684
-5566
-1752
5839
9127
5526
244
-4492
-6129
1216
2622
1215
2825
-1256
-3695
-6740
-1394
2594
2598
-3526
-2797
-2581
-6300
845
6690
5408
150
1131
-6322
-3416
-1268
-5502
1268
2246
-1327
-2330
-1598
1039
-595
-3618
2628
632
-1611
-1330
-4274
122
2013
1414
1651
2210
-3680
-4396
442
-4064
-19
1379
-1518
564
-1045
-4373
-263
291
350
1094
-4068
-3887
-127
1001
-1913
-2118
2633
7897
3474
-1465
851
1794
-2001
-5779
-4120
1075
2892
-1661
211
-2442
1542
1384
2655
-82
-5465
-134
-515
1259
-3107
-1249
1160
3265
1215
2655
-709
-5032
-4938
-3486
1633
3825
2334
2207
1164
-2274
-3709
-1062
1654
-1847
2461
4353
6256
-2015
-4039
2263
1810
1236
4585
3955
-1001
-4767
-7343
639
3975
2539
4402
1401
2254
854
-2131
-1557
909
3147
913
-3385
-3932
2300
5176
4214
1741
534
337
-1634
-683
3146
2566
2632
3433
-253
-261
357
1229
-204
-2386
2790
3537
4293
-603
-5397
-3673
-2393
3009
4220
3088
-96
-3639
-2372
2533
3441
-4198
-3615
4086
4643
3024
-1271
-2562
3198
4345
-1001
-2170
-2460
-2248
513
1668
-2185
1775
5678
-616
-2120
-4990
-3658
-1756
-623
1701
2374
4757
7064
879
-3897
-2972
-6082
-3499
20
1063
1709
4521
4979
223
-2638
-1599
-534
-1268
918
-564
615
1623
-1432
-3896
1598
5775
3974
3725
-4783
-4768
-5416
-4204
4182
3664
3781
2430
-4353
-3481
1685
-510
4895
4373
-422
-3551
-5372
1272
2967
3757
1690
4328
3476
-359
-3778
-3035
199
-1140
-63
-260
1456
-1855
-5243
-679
1469
4845
4879
1845
163
-2191
-2201
-1952
974
5633
2006
-3297
-3713
-3670
-569
-1069
-513
-3027
-2400
641
522
1830
1394
-2655
-5692
-3316
-2534
-3082
-1048
2380
4248
1583
-1537
-2764
-3272
-3376
-1212
2178
1339
2052
668
-3201
685
736
46
-4124
252
-159
-4373
-714
-875
-38
-380
-458
5933
2251
-1122
-2799
-3789
-905
-5021
-1384
3617
925
448
-2329
-2113
-395
-1859
1787
3214
1758
-254
-1486
-1710
-2236
-2535
2381
8312
896
-1729
-516
-3464
-3527
-3699
-4895
-2975
4333
3674
3890
-679
75
2799
895
2786
-1845
-5268
-788
995
2547
4462
7679
4805
337
-2517
-8431
-4350
3484
7826
6326
-115
-3972
-4423
-1715
5033
3938
4034
2930
-3214
-5704
-2301
4502
7273
5104
2228
-1764
-2935
252
224
-704
-357
3523
1135
-2570
-2732
-124
2109
5388
4229
-2954
-751
-998
2181
2839
-400
3156
1976
-1970
-564
-379
1872
5939
3590
477
-2684
-6700
-3323
1472
988
2962
-2524
-2545
1019
-422
3474
2329
-1181
76
-4133
-3288
1287
-510
-1447
3506
4401
360
-1628
-4058
-4417
-5099
-2681
2637
4597
268
-5114
-3102
-299
2104
-1281
-5486
-4637
-3425
-931
4188
3494
-1865
-4757
-4006
-662
2766
1723
-50
-1537
-1509
1409
2536
2176
-891
-2857
-448
4065
3593
1790
-2163
-3170
-1394
-3303
291
4874
-3802
-2225
1845
871
2410
757
-769
-3510
-3653
-4655
-2136
2871
4312
6040
2417
-1213
-2505
-4516
-2351
-3878
-5777
3439
5133
-2189
-4074
-2166
-3236
-1200
-2115
1093
4056
-2750
-1866
-1696
-3020
-525
504
1742
1755
465
-3890
-4013
-4217
-4923
-724
-1685
2301
3739
2639
1337
-2267
-4954
-6954
-4183
-1064
3254
5813
1249
-1460
-2388
-1184
-1428
-41
2120
2370
-1071
-4888
-2321
-960
2378
3140
2003
-3050
-4694
765
3563
4493
3670
1445
-753
-930
-6902
-5890
1082
5651
7608
6030
3597
1699
1441
-499
-144
799
1823
-677
-356
1718
-1616
-713
1163
5356
5777
6249
4178
-1069
-1316
-504
-712
1104
320
-3296
1850
6738
4584
3749
2704
1675
2724
-811
-3816
-1478
1792
3733
5019
3647
163
-581
610
-242
614
2069
1934
-199
75
1943
3750
1770
2695
2278
-1878
-2321
-3644
-5158
363
2981
-1300
790
161
606
3210
3684
721
593
1673
-789
-301
-807
-1176
2747
1399
-3608
-1375
2488
5498
6207
-528
-1894
-4582
-1755
-3945
-4041
623
3568
3175
1268
1242
2017
1921
191
-1503
-4242
-3417
-5116
-2290
424
1462
-1545
727
-2975
-2485
-778
56
-324
-2155
-3953
-4047
-1193
-2098
-1129
1989
-552
-739
1732
2697
1866
-2924
-4144
-4794
-1439
-423
-1741
-3513
-1262
380
2264
1472
-596
-1112
-3043
-7718
-5951
-945
944
4217
4803
3415
-1446
-3151
-1908
-796
589
366
-1326
-2289
-2016
-407
510
3572
2260
-909
1075
-2216
-2698
-863
-724
-2677
-4843
-4561
2266
7994
4334
2746
746
-5847
-4262
-2067
-634
-1050
1670
5032
948
752
-1677
-1634
-4972
-4931
1638
2513
7353
2598
-4261
-4758
-5824
252
1639
1042
2417
1759
-470
-206
-1433
1115
2027
783
2192
5294
2108
468
2024
470
-1427
-1134
-340
-769
1182
877
-1459
-700
2324
1110
-1221
-1877
1250
-291
993
1170
3739
2191
164
944
-2412
-350
-1487
3076
6008
3846
-467
-2425
479
3326
2883
1329
3315
1977
-1548
-3695
-435
8367
8086
3267
-238
-3357
-3716
786
3832
2597
5084
2145
-5207
-5120
2109
2008
2818
4374
-165
-3511
-6761
-4659
192
3194
2670
2784
-2491
-6676
-3083
2336
4710
229
-1356
-158
-267
-148
1225
1968
3554
610
-591
13
1166
2666
-2197
-5805
-5513
-3446
-3278
-123
768
987
1214
-802
-774
-2614
-2881
-1173
205
-2029
-2182
-4331
-3546
2165
3023
5474
6022
116
-5282
-4953
-2717
-1774
1908
2963
-1223
-2325
-2110
-2165
-1219
-5286
-1787
1958
-1432
-1867
676
-667
282
-263
-1234
-251
11
93
68
-1540
-361
-4629
-2414
639
-2999
-84
2061
2973
1965
614
1216
-464
-3876
-8393
-5027
-283
1434
-606
2544
4190
-1451
-1011
-869
91
-722
2612
-1576
-1956
-2220
573
1981
-1659
1330
981
1391
-1543
-662
1817
3769
829
-1840
-2887
-3671
-5059
-2214
23
3927
4853
2949
3950
840
-1110
-2234
176
3764
3481
1667
-202
-1850
-3616
-123
370
3385
4435
1498
-743
-2126
-3195
-442
3841
-59
326
-529
5490
6543
-1177
542
1002
-2134
-814
2735
3144
1904
619
248
5193
3901
4092
3363
-546
-1281
-2120
-2128
-1999
-2891
-3544
3487
4568
-733
1382
3676
-1998
-2183
-1387
-1194
-3385
-762
1900
3182
3531
105
-892
623
48
1337
4124
-369
-2081
-3408
-3282
3053
6443
3630
-2741
-3073
-4456
-3755
4358
7224
3393
-2224
-674
-1630
-4576
-3600
-574
2688
3180
574
20
206
-2000
-287
841
-2401
-4953
-1254
1978
1819
1745
3296
802
-134
-2266
-2850
-2300
1300
3384
4493
3082
67
-2117
-4753
-2241
-1064
-491
-637
1030
4862
916
-2420
-1626
-261
1323
-1997
-2657
-535
-1731
-204
-1174
1770
4604
-2437
2046
-1161
-3497
-2572
-766
2437
3637
4493
2186
-1687
832
-2477
-2173
-33
-3695
296
2704
1508
1261
224
-2362
-1374
-1707
-3568
2769
2328
2033
3385
425
229
-26
-670
480
803
-1832
359
2016
-567
528
2485
-632
-2438
-5839
-3202
1849
4698
1619
-959
-1021
-1356
-724
3678
2808
-1352
-3132
-3960
-2533
1398
324
-2966
3715
2433
-4819
-2246
-147
3529
3431
-770
-1549
-3522
-4725
-1066
-2343
-2023
2309
875
2350
-1296
-3331
-3172
-3195
-4702
-947
4240
4350
3341
2465
-2410
-5969
-2457
-655
3623
5376
1215
768
-4479
-6206
-2498
936
-325
1226
-42
-3346
-950
-1211
-928
5387
7919
4000
2073
-573
272
-692
-1383
2627
2122
2584
-1942
712
2911
2333
1274
-2368
1127
-3392
-151
1620
-1332
851
1909
1525
-822
-1999
4041
3163
-2896
-1568
4548
2966
-480
4130
2105
1525
-1148
-4586
-2124
-2970
329
2655
3113
1295
-2282
-1716
330
71
-1378
700
-267
-2892
-4890
-697
147
1312
3248
366
-1113
-451
-1286
728
146
-1705
-434
-4001
-3103
-905
675
1926
2823
-1008
-3972
-5550
-2885
-1086
10
2325
-2425
-822
724
-163
2325
3543
896
-1941
-5356
-2808
1510
2423
1163
-943
-447
970
-145
-941
-2028
-497
432
2912
1921
-3108
-7658
-4275
-259
970
1235
3897
3266
-7325
-4834
-1282
1674
4908
2448
2986
-617
-7288
-2843
-722
1467
3600
6267
3358
-242
-2847
-3550
395
5209
5563
886
-568
-1703
-5635
-1198
1277
-36
533
1647
3080
5681
5023
724
2321
-542
-405
-3048
-2447
776
-2907
-390
956
3320
2921
3528
3923
1860
-4468
-4129
1111
-829
-233
-870
2899
1010
-4866
-1764
-3166
-434
2653
5314
3307
-991
-1771
-3676
892
4275
3727
3433
-275
-1166
-4877
-4214
1028
3391
3110
583
-1847
-5700
-3069
258
3474
4098
858
956
-1905
-4630
-2246
-648
2754
5918
1545
-598
-1852
-6719
-3782
138
2828
1503
-631
-723
3848
2879
1286
4249
-516
-4254
-5715
-7745
-4022
1134
5073
7509
4738
-833
-1452
-4032
-4215
-3556
166
-772
-3905
252
447
2707
2677
4761
1064
-2712
-703
-2133
-398
546
-1635
-218
2462
5041
3565
-1571
-1962
-383
-1010
-416
-414
1736
2576
-1538
-2215
66
155
452
400
-2178
1058
-1094
-1965
4971
95
-2363
-14
325
-560
-3864
-2294
2396
2477
3762
2274
-139
1601
1477
2938
1929
-356
-1576
-3563
-3134
-1506
1155
194
1317
2074
5364
5721
-631
2434
1468
-2003
-171
2473
2994
325
-1948
-1207
1696
-404
1731
4923
2086
1047
-1057
1826
-332
-1360
2467
-2334
-1162
1212
4121
4618
1608
2312
-3468
-1521
1483
1141
3804
77
-1086
-3299
-3925
-3819
-1037
1151
1990
5332
1126
3955
635
-4565
-1080
-1726
-4441
-5022
-2508
426
2300
1764
-1545
47
-175
-3895
-3387
535
-4490
-5088
308
2230
6543
2612
-3151
-548
-2590
-3828
-2073
-72
1226
3076
-274
-3791
-3894
-3691
-4609
-3983
171
-310
723
1579
579
2171
-3669
-3982
1678
1692
-274
-3157
-3168
-3578
-1602
-1062
-499
171
742
206
-5268
-3173
414
-115
2448
407
-808
-1040
-2035
-1793
81
-1284
-1701
4550
5240
3127
-352
-2396
-6976
-5304
1107
4577
6005
2881
1736
-1352
-4894
-2787
537
4440
2625
577
-1672
-1787
590
-142
1223
4488
5273
5025
855
221
475
-1370
-93
2031
-1510
446
2092
-2361
442
3352
1182
-495
1015
-4518
-5322
-733
-2034
1113
1623
1625
-244
-1277
1762
1070
-463
-8806
-5355
1047
46
483
-1742
2981
3455
-2633
1539
1722
-3362
-5070
-3195
1023
5193
5077
771
-2492
-4722
-5559
182
4250
3400
623
-5485
-4925
741
1180
-946
1360
3670
4005
-1179
-3938
-2789
2349
1370
545
-1963
-261
5247
1762
-556
-2062
-902
-1466
1890
260
1208
841
-907
1315
2132
3002
-645
-5273
-3295
-2438
2164
2499
1498
2210
1333
954
-2976
-2198
1831
-1094
399
3653
3455
3061
1966
50
-662
3730
3921
641
4331
1376
-3003
-2349
-926
4110
-2174
-1585
2040
4204
1978
1426
4430
2941
2500
-3227
-5201
-4943
-1839
961
3073
1539
-734
-693
-1631
-1782
-1549
-933
2765
4676
3637
404
-3975
-3659
-2839
-4413
-353
3508
1351
6162
-392
-4474
1835
-93
1511
4669
3064
384
-5549
-9454
-6644
-96
2677
2135
2503
-1330
-6044
-1985
3264
1138
2385
-1308
-3706
-757
2374
3480
574
-2438
-3451
-3330
1792
2940
-87
-115
1818
145
-1504
-4064
-6521
-3297
-2188
-2242
3938
5926
4880
2041
-1618
-2228
-1543
-1427
-4334
182
1416
-1501
-5549
-3272
-1106
-3632
1245
3135
2070
6436
4443
-904
1740
948
-3387
-4637
-1535
862
-5346
-8017
-707
2766
4112
2926
-365
-1562
211
-1934
-1060
1798
1937
1198
-444
-620
-3062
-2728
-1506
2578
872
2204
6849
2674
4485
2466
778
101
-748
2901
969
-3318
-2796
2094
-2693
-1484
549
-96
4345
3817
4070
2478
-757
1882
3316
193
221
-1441
-3779
-2714
-2366
2990
5027
1958
708
2186
-1247
-869
2999
-955
-3892
1156
1129
-1513
3209
3721
404
-137
1085
-487
-1107
-774
-616
1494
-1178
-1463
1442
-480
720
4756
5013
-644
-1937
-1371
-1645
1270
1314
944
-2707
-4828
-2219
-1491
1203
4543
5068
-1208
-3058
-410
-4202
-145
5107
3111
1683
-1740
-4983
-4905
-4409
1920
3252
352
-1332
-1092
666
5346
3913
1119
-1859
-4260
-6721
-2853
-600
-3473
2232
50
-2830
-3294
-2755
610
6323
4915
-1047
-566
-3501
-6353
-5256
122
707
-417
-227
1916
954
1032
2473
-781
-586
-1662
-869
-5385
-3267
-207
-4112
2755
4480
-834
353
2736
-746
-746
2364
376
-1112
-1211
-2945
-2825
-366
-1602
-5535
-706
2746
-337
-1370
3065
2451
-2350
-2095
-609
-69
-1009
-660
4545
3085
-3145
-739
2232
2123
398
-1049
2021
-45
-3392
236
4872
4019
-1683
-5358
-4712
-3330
1833
5902
5165
5269
-1839
-4327
-3533
-2562
1629
5872
6011
23
-7365
-2720
-1248
-1419
2506
4170
4087
3398
-423
-1106
7
2900
2191
-93
1368
2628
1133
-1565
-1312
-2714
1633
3123
-5791
-9873
-3614
-9
4670
6003
2557
7195
4542
-3204
-6499
1385
3716
697
2384
1615
-2125
-6255
-5430
-2772
2095
3533
3325
-1925
-641
482
-3173
2177
3870
5320
-1179
-2316
-3896
-2073
4116
3411
4132
-1201
-2538
-5096
434
2446
146
3075
3285
6902
967
-4970
-551
-3113
-5685
-5590
-3227
-1253
4408
4800
-2573
-862
-1784
649
1752
44
-661
-5761
-2138
1822
3559
3478
1382
2625
-1034
-1835
-1028
-1141
-664
906
1610
132
-724
-1030
1267
2145
333
388
4098
3577
1840
-3198
-2014
-5053
-1197
4516
3365
3624
1425
1347
665
-1901
1318
-2813
-2725
-236
-2522
-1395
-276
3553
1697
-609
-4309
-6154
-144
3529
2068
5104
8095
2104
-1325
-639
-4689
-5348
811
1390
-2430
1486
-471
-67
-727
-159
-1655
-1845
1108
1841
918
-1206
-1572
-4945
1013
-755
376
2703
-1488
-2309
-2908
1062
713
-1806
-2782
-3519
-1618
4150
2756
-6844
-7065
-3886
-1883
1963
6872
3422
1590
-3089
-9547
-4700
-3245
704
999
-40
-1796
956
4449
7443
3832
-1668
-3471
-4555
-2574
1709
4040
-30
2175
1961
-1209
-2429
-3818
3047
2367
7531
6512
-625
-2552
-3253
826
5664
3219
-584
-830
2880
3564
521
2346
5463
2827
247
399
2613
2690
1509
1867
-2967
-2148
3125
2877
-575
-2271
-3093
-3842
1699
4007
8916
7890
3955
-2631
-4697
-6649
-9449
-2733
1203
5843
5516
1378
1110
-1319
-4154
-2192
-539
2913
2795
-1337
-1680
-2850
2099
2160
-1
-4703
-3743
-4388
-4210
-849
-479
1800
-378
383
-1594
321
2272
1191
-1386
-5779
-9557
-7283
3967
6846
7510
3052
-4465
-6221
-4575
1395
2219
768
713
-358
-3677
-3941
-1957
4961
7447
1262
1093
142
-2216
-2984
-1097
-1679
-4391
-3278
-1850
10
2471
1476
362
5067
3136
1020
-1098
-2365
611
-241
-3457
-1349
-36
3876
4416
658
-1508
1047
4635
2555
2138
-283
-1444
3060
533
-728
-1646
-3831
-3562
-3417
-1430
3358
1417
-2339
448
-416
-2373
977
2064
2396
1606
1034
-2656
-5510
354
213
248
-678
1654
1837
2111
2002
-3752
-2017
-4335
-3924
3526
3692
2736
1014
-260
793
-3344
-2817
589
-4
-2340
-1989
-295
1787
4163
-218
-46
2831
-639
32
4635
6624
3652
-2646
-5681
-5263
-4686
-2095
-521
-106
-2023
-333
4833
3305
3430
3976
1219
-99
336
1333
3091
260
-1520
-1708
-2578
841
5432
3269
-1972
-5249
-2936
-626
1067
4376
2559
-4509
-1778
561
970
1535
-1710
-6156
-3036
2934
1778
-4173
-6066
-5747
-4858
2842
8373
4277
-1364
-639
-555
-1658
-2152
-2194
-2402
-396
185
463
1596
-825
-2714
359
883
740
-57
-672
-2026
-3475
-641
3457
202
-3990
-2458
2434
-1026
-4152
-2466
-631
1391
-1249
-2376
1249
802
-3516
-545
4397
2902
2149
59
-3616
-3917
-5001
902
2324
411
-2207
4797
11476
2727
-814
-4887
-5860
-3787
857
321
902
4632
3261
-1491
-687
951
-781
2282
377
-1463
-2509
-2594
-3026
-1857
2296
912
2854
-500
-1458
-1701
305
4310
7046
5256
-1710
-984
-3122
-3255
-789
-1350
5798
8815
3684
-1983
-4403
-1626
525
1878
152
-1640
427
5034
436
-6331
843
3175
2620
1471
-120
2071
-1708
-4161
-1624
-1521
-1507
1589
2053
654
-269
-3295
-1846
472
2180
3072
2690
4709
5219
2745
-1553
-3588
-1752
-6403
-5696
2804
-216
2541
4441
-184
-407
615
2235
1911
-2005
-356
2347
-1542
-1086
4857
2941
1709
-273
-5249
-3655
-1598
1398
3538
3352
-2003
-1959
942
-1109
4877
1230
-1257
-2613
527
7131
5322
-2790
-7614
-3440
-191
2524
914
-1105
-3134
-2184
1037
2110
1691
1495
1829
-2542
-2499
-1937
-940
-1981
874
-1281
-2116
-2722
-5410
51
1722
2440
-413
-4566
-1421
-3043
-3917
2921
7430
5173
-505
-2174
-2315
-3551
-1411
673
-633
-3211
830
231
626
435
-3538
-1075
-3604
-3554
-416
5701
4580
-1351
63
-337
-736
-1270
872
1713
-659
-3396
-3317
20
-102
-868
123
3493
2321
2206
3156
2250
-1543
-218
2613
1830
2327
-1998
-4264
-1574
1423
4456
-1354
-4587
-3220
-2525
-340
398
992
2510
-1185
-2140
4403
4393
538
3354
-1512
-1625
-679
-3849
-839
3579
3705
-1021
-5613
1141
1167
-2492
2026
2623
1159
-345
-259
40
-2666
-4982
1115
3082
674
4869
-3095
-3110
1553
-677
-2277
-1427
2547
7590
8533
1648
-3361
-3379
-3437
-3654
457
6078
5033
3706
2642
-516
-767
-4519
-7798
-28
1460
-711
-1774
-504
169
2216
2910
2336
4950
4231
1354
4068
1952
-1150
-3834
-312
2842
-1138
1433
5427
3568
475
366
898
-324
-1852
-3518
-2184
-1066
4467
5531
-1535
2351
2803
1268
-463
-2093
637
-2242
-2350
-48
-2092
-1485
-2659
-553
3359
-1182
-4896
626
1760
-2108
-124
-3499
-5633
-853
4848
3412
1468
2840
169
1412
-2605
-7686
-1167
490
2135
4736
2686
1183
1246
-1244
618
2188
-800
1359
1935
-1617
-3098
-3514
-2234
5012
2746
-2074
46
366
-2041
-1466
1274
473
1842
3806
3722
4853
-1141
-2840
-1814
-1155
257
929
3898
-1089
-7926
-6453
-3168
868
356
-3590
-2242
-332
-3033
-2365
5568
8045
726
-602
-3243
-2205
-1498
-3601
1667
1894
1794
-289
-3288
-4434
-2264
136
1100
290
1362
1925
-2063
-5180
-4015
2033
1829
-2328
912
2876
788
-929
-807
1095
1601
718
-3221
-4515
-3274
1402
6231
5078
2300
-3193
-1701
2920
1962
1450
3218
3226
662
-4965
-2370
-1068
-336
-1400
-640
469
2292
4572
3353
4515
6263
627
-7834
-4675
121
4474
3024
-5440
-3939
-1321
405
2334
2391
1933
516
-1467
-3521
-2328
1314
3763
3153
1178
-3295
-3096
287
3798
5397
6613
78
-4685
-3863
-2314
-267
-440
2941
2977
379
4189
1142
-3131
-3917
-3151
-43
570
3623
1841
-2202
-2158
-4808
-5054
2102
-1429
721
7109
4749
35
-1299
469
-804
694
5476
3708
-305
-4662
-7362
-1643
2319
-975
2091
-912
-3832
-2740
-814
3991
6187
3206
-1275
-4498
-7530
-6266
537
3398
654
2691
283
-94
1106
-2859
2991
7005
-2527
-166
-1698
-4949
-4520
-2243
4547
7382
4971
-1465
-6083
465
5471
8474
4593
-2773
-3997
-3697
-788
-2144
-1258
1060
-2050
2052
6766
5501
2447
-5753
-7439
-4144
2319
4916
2427
-1416
-3615
-3347
1937
3615
1113
-2649
-10251
-9926
-3651
3926
6411
1843
581
-2505
-1271
-276
1830
4699
1286
-122
-3837
-463
-1580
-1838
-75
1477
4739
-1456
-4005
-1400
-1882
-3593
-2373
-1666
-366
492
-4072
-1891
-1412
-382
1367
-990
-1807
884
-616
-3828
667
1382
1049
-161
1195
2591
-4076
-4384
585
3225
3305
-2420
-3369
-1688
-2814
953
781
1525
5143
1875
1368
4983
1280
799
3043
2167
940
-5488
-4302
-394
2699
3424
194
2181
4144
-1885
-3608
-544
-960
-1839
2291
1986
-232
708
28
-995
-536
-1808
-3298
-1209
-202
2413
3736
-145
-2483
246
1664
513
1478
2806
2146
-2957
-3545
-2362
-1820
-1052
-1332
1970
1374
111
-1356
-785
3240
-1432
-2461
-1366
-1398
-186
4881
1152
-3776
1756
-818
407
3670
2131
1671
-2066
-4318
-3314
-5408
-5600
-989
4139
4052
1658
1322
-2828
-5933
-7186
-3034
2562
-2463
1845
3520
-2633
-1753
-4035
-1658
1226
-63
-441
-1167
1913
-327
-275
1061
1171
-2251
-1475
3046
-2189
-2317
4021
3086
7915
2726
-1189
91
-5157
-7465
-1518
2644
2816
2284
3361
4362
-1040
-3064
-1727
3714
-301
-2697
-2089
-1306
3791
3619
-1749
-1198
-1635
-1720
1652
-215
1548
559
-302
-795
591
-1358
-580
3768
-2600
-2313
-241
1345
3744
-541
-2253
-2018
2526
827
-1586
-1367
271
136
647
-1607
-2042
377
-1849
-345
2632
3331
6252
2738
-3098
-1162
80
-3008
-2748
526
1934
765
823
1080
4255
-1157
-2992
1820
1020
-789
-995
3277
3927
3713
4625
548
-1219
-1573
-152
841
-2086
1504
5206
2339
2359
2171
-696
-2711
-2371
1241
-1264
-5866
-6225
1154
3095
5773
3458
1200
-3145
-1986
-2101
-3798
6051
7291
3719
-620
482
-3008
-3431
639
468
306
-3591
-92
3577
1226
-2717
-4632
-760
-582
1755
3964
4625
1272
-1038
-142
-920
-1809
-3034
-128
2361
2280
2412
2836
-160
-1507
2130
1329
-337
1695
1349
731
3379
3889
2184
3794
-1088
-6969
-1759
3451
5113
3620
-567
-2753
-2030
-2011
1045
4311
3311
1958
707
1139
1208
2123
2930
5243
4236
-991
-1940
-2555
-4223
-1526
574
3229
2800
876
1998
841
2377
-2468
-1696
557
-150
-220
-2085
1824
1859
-2187
-4996
-1742
-1869
970
1220
2769
2285
-4251
-6250
-4846
2732
4553
4175
2191
-7064
-6028
-5364
2336
4349
-1876
1897
-3089
-2181
-3294
-41
4460
740
2638
7182
-446
-7170
-8168
-1563
4105
1874
-1274
-3698
-645
-568
1551
2665
-1635
-6042
-6748
-5425
-413
-2737
83
2347
-202
-3294
-7572
-5495
841
6098
5802
474
-5456
-10105
-9710
-5859
-2448
-1111
-162
1211
-4488
-10090
-3719
432
1284
4294
2160
3956
-5262
-8887
-1663
-2091
-2250
-1819
-1175
2223
5119
2493
2381
1904
2915
-446
-1698
-1130
-1502
-582
-2403
-1513
328
5799
3789
2445
2904
2594
1391
-1894
-757
619
-2864
602
3022
1887
387
-3457
-3490
5496
3472
2266
3775
5867
-67
-1545
5280
945
-447
-4026
-1539
-136
1425
5075
4752
5403
1423
-2323
869
1561
1105
-87
3196
3081
1891
-3333
-1320
1986
2352
2280
-387
-138
-17
51
-147
82
-2332
-450
3411
5178
1752
2070
-2017
204
4121
-2500
-1
1141
-1186
-1742
-1418
-2258
-2413
4791
4289
1592
2639
699
-3238
-4194
-3752
-4236
4683
7289
2499
397
-2071
-3823
-1157
3347
2736
-1911
-3992
-1104
-2488
-408
1577
6455
3337
-2035
-2950
-4495
-4760
-2809
-769
-2997
-559
-819
1130
4739
480
-5288
-4385
-4116
-3679
3905
4194
197
-2178
-1693
-6399
864
-364
-6938
45
-1564
-3965
-3181
-3516
820
2074
-724
-3087
-1006
-2145
-812
703
1638
3841
857
-738
-1563
-4887
-426
588
3862
6229
-230
-1305
-807
-1428
354
2741
-670
-2550
-2615
-4617
-2358
1741
2106
1953
2346
-2171
-3808
-1078
3135
7206
3767
6416
4765
743
-1630
-5743
-3749
1300
547
4381
4242
-379
799
-952
1343
2309
-2411
-6038
-7289
-5003
-2539
6154
8086
11733
4394
-3721
-6809
-6966
841
-186
3449
2502
-1769
-2389
2211
1481
308
702
1341
113
-4684
-543
-2335
-2718
-1457
1082
4094
1314
-256
4853
4451
1008
-256
-4210
-1163
647
1694
5652
3171
2313
3769
-3235
-1638
-4032
-1210
4003
-49
984
-5959
-6025
-5935
-7570
307
3719
6070
4531
2464
-1309
-9411
-2397
-2715
1675
9603
6847
8786
3769
-5435
-8326
-4863
2467
7596
7676
6216
182
-3131
-2047
-4099
-6714
-11
3955
-681
124
-129
-3972
-3476
-1954
-3421
2595
5136
618
-261
2660
82
218
-303
-1210
6062
4155
4410
59
-3964
-1692
-370
4839
4228
1041
1952
-2394
-6789
-2764
-2342
817
3706
3461
-1288
-1899
-4281
-3139
-807
-182
4370
3057
1535
4561
6215
1106
1512
2240
-4434
-3011
-1583
-2405
420
2415
-379
-3048
962
-1449
-48
4248
-1039
-1609
-2179
-1933
-490
3667
4121
3897
-1859
-5642
-4321
-3998
460
2435
4111
1159
-610
-3028
-2348
635
3593
371
-675
-4062
-4337
-3849
-1587
34
-4071
-2763
-3012
-2106
-914
-888
3197
-642
-1395
1732
-40
1138
3505
-534
-1380
-1145
-3128
596
217
3546
-308
-7076
-5523
-1179
-1432
4091
6399
-818
1354
-1370
-5258
-2503
-3517
-2790
-1735
1811
1233
-4593
-1570
-2202
1651
6471
4791
3186
437
1047
-334
3223
2711
-3241
-866
-934
-3855
-1131
1731
419
737
1615
1681
2999
3121
43
-1077
859
-3093
-2089
-2929
-2119
1760
2313
3487
6044
3543
-539
-2005
1
-3910
-3038
3833
700
4197
4152
-2356
10
543
3766
2980
-2775
-704
-1674
-1634
-400
2727
-699
-847
1115
990
3221
2266
-1602
-5274
766
670
844
4258
1905
1048
-773
-2384
-584
3018
3432
483
-1280
49
1013
2026
-896
-933
-2638
-3496
2232
-572
-636
6413
1511
-761
-849
-4158
-64
3479
1334
1033
-1006
-1827
-3651
-100
4839
3885
2517
1711
-350
-3128
-1500
1130
2132
-692
-861
776
937
387
1925
2917
2227
-240
-971
3735
2353
2784
1131
-854
116
1132
426
-1386
-2778
-1674
-3199
1354
6326
7406
2650
-5065
-4997
-8411
-3765
81
-1595
607
2283
-263
-473
352
-1260
1719
2542
3217
3231
937
-1117
196
-1633
-3696
573
-1289
-109
1732
2275
3248
-125
612
-433
-6179
-2235
-277
120
455
-93
-2042
-2486
-1466
1367
4504
1367
819
-3061
-4729
-903
-1056
755
1280
1009
2685
-1741
312
2945
-1920
-2166
3508
893
-406
-603
1081
291
-1745
615
1469
999
-2668
-1557
3026
311
-3766
-3081
-5527
-3120
2500
4637
4411
853
-1179
-3436
-3470
785
1913
-2457
2262
-2127
-4946
1959
573
3806
2104
-2324
-5262
-3557
363
-3253
-374
-51
-774
2791
593
3896
2502
-1338
1412
-1857
-5336
-4658
-2593
-951
2682
1157
224
1681
2889
1
-2940
2306
-3723
-2817
-327
-611
306
-1925
-665
1739
132
2514
1225
-851
2898
2994
1431
1826
-548
-85
-13
-1505
930
1448
331
-2367
-2408
-2892
-1410
-1230
2144
3381
1229
49
-2040
-3436
-896
3078
375
129
-590
-973
413
800
1743
4486
-1238
-3303
3179
2435
-3645
-2066
442
2464
1351
-1657
-211
-1291
-1362
-2178
-2653
-1975
-837
-833
-2913
-857
-349
351
535
2479
975
121
-2302
-3214
-4290
-2577
1876
28
-4091
-7450
-565
936
65
6341
5857
-538
-1679
-1079
-549
1689
719
-1799
-5087
-4169
-1348
-1540
-132
-1363
1516
2199
3400
5853
-832
-5414
-5117
-3826
2973
4298
-155
-2383
-4168
-2483
2116
2114
3716
1079
-378
5832
2182
-1757
-2412
-275
2254
246
-3793
-7242
-229
5146
2185
-293
-1299
-284
4438
4059
-4178
-813
-527
42
2177
3296
3309
413
358
1249
1302
-4618
-6859
2295
3762
104
-3239
164
2984
-1997
-314
572
-262
-28
-978
697
-1303
-958
-1160
-103
2659
3419
2301
-565
-1449
-4763
-3963
581
1359
-469
5015
3735
236
141
-2263
1685
3178
1644
1232
-1321
-2449
-4693
-3453
-1401
374
3586
126
1428
-1800
-3051
1760
-1003
2745
4399
1426
769
3541
-183
-1018
2582
-2137
-2040
2615
1984
-1208
1109
852
-1286
1804
-3463
-3480
-3197
253
2643
366
-1296
245
2306
5733
6489
5896
6184
-602
-2988
-4285
-3724
283
2568
4499
7234
4186
2380
943
-5699
-1172
4116
1208
1674
575
-1162
-1530
914
2419
2205
1200
-46
1225
905
-4011
-4597
30
-88
1427
1498
4906
3531
-2138
-680
-1127
-1840
-355
975
663
1196
45
-5498
94
750
-1878
3472
1269
327
-2351
-2363
-3256
-1402
87
-3080
-1588
1658
4029
-1452
-2217
-29
1318
-693
-4832
-1035
1536
4232
4445
-277
-1395
-3164
-3730
-2756
-744
776
-2562
-2233
704
2106
1605
-89
-2901
-3225
-1789
-4159
-716
2674
909
698
2791
-2797
-4146
-2737
-3127
-104
-445
-1957
-980
3976
2509
1593
1767
-1732
-4166
-1891
-219
-2154
-3163
-3775
-1282
1471
1397
-2228
-947
-3873
433
3007
-1943
4047
2996
-2297
-3029
-3730
-2303
4359
6445
1012
1453
234
-2027
1165
-1421
-696
3410
767
1319
2475
3213
2045
3259
-1313
-5767
-6510
-5857
5921
7380
2424
1749
-1178
-1395
-602
-4266
508
1389
2747
42
-442
279
-2996
-1132
1597
1199
936
1378
5587
7865
2040
-1214
-3533
-2857
2418
2851
2156
-2051
-3861
-3058
-1775
2558
6205
1241
-3085
-1105
-849
-965
-3164
238
1620
-2369
-1388
-176
435
3988
-1130
-935
-554
716
887
-1222
1743
1156
86
-1412
-2627
-4468
681
3904
1162
4411
3596
372
113
-2400
-4893
-736
187
1636
3705
5159
2572
-5246
-4992
-1161
133
2925
2738
-660
4397
4421
-1443
-600
-2570
-3348
2629
3404
1490
2857
1805
677
6559
4641
1811
-2229
-4180
-5266
-2652
-517
-3421
570
1789
4938
4750
-198
-4376
-6697
-2640
446
-3736
402
4205
-46
-646
1589
3612
1165
-3123
-1975
3020
-836
-1976
615
-2818
-2526
-3297
3163
-1039
-3451
-2898
-5250
-1623
-844
2864
5510
7841
-475
-7678
-7180
-5952
460
2629
-3229
-3004
-698
-587
306
1781
1905
5249
4578
-523
-2479
-3177
-3008
-497
1729
873
342
0
-132
-231
829
2178
-904
-3663
-3968
-714
2000
783
2
-958
-2570
-3465
-1108
3508
1426
-1459
-2884
-5539
949
888
3078
7367
3058
-3301
-3488
-2535
-1043
466
-1666
-2034
-2558
-79
115
-1158
-1332
2780
1241
-2382
1094
1634
629
1228
-3165
-3761
-118
-228
3613
4754
3405
3487
-1272
-5096
-5400
-356
2457
3350
6124
3170
-3482
-5707
-238
-228
-2855
-1622
-1572
-2016
-1653
2938
3435
3602
4935
3761
2809
-2834
-572
-679
-3914
1373
2823
1291
3086
2459
-2486
-3776
-1399
-2111
723
2516
2356
-325
-6806
-3456
3648
7130
4359
2136
-880
-1822
-2327
-5346
-2824
-2506
-150
165
2349
7549
4876
63
-1556
-2334
-4215
-1035
-1038
-771
4434
3118
-2275
-3095
-3969
-3031
-486
689
1315
3481
714
911
-1396
-2235
-871
517
3791
1432
-1185
2927
4399
-121
614
1857
-1420
-3424
-2002
-1115
-2852
-6572
1243
5825
1259
2675
-2618
-1656
2906
3034
2906
-557
-514
-422
2808
3178
365
-2196
-2249
-3601
-3198
-4034
-1536
4267
3358
281
372
1796
2247
1860
381
-1618
-3831
1073
-2050
-3350
-3992
-5719
963
2063
458
1857
-911
-5717
-618
2088
2032
314
536
-792
-3424
-7122
-7813
-2812
-2790
1509
3706
2583
2665
670
-406
-3083
-4008
-5482
-2645
2468
5986
1871
2052
1549
-4333
-2443
-1532
-1081
3803
1736
-1718
-3789
-4752
282
1157
1873
4584
3663
23
339
1259
2821
1262
-530
2321
357
163
2629
-591
2236
6515
4779
495
-1837
-1393
-645
162
-1751
-1683
-447
1102
4089
8469
9634
-2267
-8603
-2766
1724
-1511
1139
6065
7408
9666
3280
760
-1536
-4216
-1359
4285
2510
-1911
-3574
-4992
-2551
-2819
3181
6861
5859
4726
-2136
-2379
-1201
-1518
-754
440
667
1076
-2530
-2897
-1842
-2611
-4
2023
3566
3923
3051
3996
2930
189
-166
-289
-3539
-3167
1680
2348
2101
-1878
-5848
-2454
-1369
-25
4050
2228
1371
2800
-177
-2316
-3057
71
-216
-5449
-2945
-1478
1219
802
1946
2820
3085
-1037
-1744
-678
-2414
-2005
-5450
-1279
5234
3537
-234
347
-714
-328
2891
5209
617
-1142
67
1838
4063
5987
5070
-114
-717
-3316
-2070
1487
1819
321
246
1694
-70
1459
2724
2080
825
640
2488
604
-3161
-1721
3719
768
2075
5246
3594
-4275
-4053
-2077
-4089
-2142
3532
5462
-3978
-6032
-2317
1969
456
-4430
-4945
-4340
-1164
-179
-608
1087
-1076
-3236
-4557
-1259
3587
3329
5088
-676
-5282
-5793
-5642
25
4481
3200
264
-2099
-3869
-2328
-4558
-3495
5668
2836
-524
-2681
-7172
-3833
-1434
-2337
318
5685
3144
-1841
-2063
-2949
-215
457
2488
5245
2928
-4344
-4125
2202
1106
1747
1055
-2508
-1577
631
-1989
-1474
1188
-2812
-265
2467
2875
251
-4659
-3769
-1756
-3670
478
6252
1537
-37
4078
2293
-1891
-4914
-1956
2321
537
-1493
1569
1432
-2034
-2799
-220
3495
2362
-40
-1877
-3101
-3191
-712
4198
8202
1236
-4627
-3503
-2444
-366
1243
3647
1103
-2760
-1481
1122
3107
574
1535
530
1090
-2999
-7327
-869
4499
9272
2919
517
-2922
-6790
-1224
1780
3696
2288
2218
1279
-1791
-5295
-3680
3566
7425
5977
2353
-2300
-5337
-8066
-5496
3731
5444
3441
507
-3448
-2612
683
94
1153
7290
4147
-3357
-3564
-546
-98
209
70
377
-1143
-4247
-1829
3587
2082
-6996
737
-699
-3931
-1193
1627
6043
3940
-2272
-8571
-5635
671
5918
5706
1521
803
-3331
-6209
336
2866
705
-613
-547
299
82
2995
4680
3767
-554
-2702
-2043
756
2332
1249
-1712
-4674
-1961
2713
9364
1061
-2922
-456
-5998
-4286
1642
3523
1497
-2258
-4507
-1746
-4089
-2359
-1103
-4552
-4480
1945
5617
6721
3968
-3381
-7530
-3121
1053
2968
3388
-901
2098
4081
-1645
-4496
-6274
-5455
4893
4925
-439
-393
-114
-3282
-1623
-1900
-2868
2213
-4469
-4297
831
190
-1332
-3863
-300
5055
4807
1194
-1766
-2366
-3282
-1117
-84
2684
3692
-1720
1717
2736
-468
-374
-3679
-942
-1588
-1238
182
1325
491
146
1849
2078
1997
2956
2181
2426
-321
-4357
-1017
3954
5384
1260
2192
522
-3212
-1030
2941
8442
2473
2869
2624
-4794
1320
2794
-1079
-481
32
2037
2623
4042
-393
357
852
-3004
-4896
-3505
4259
7185
4522
-444
-3046
-645
280
566
1284
3806
3450
1003
-2124
-2749
2486
3891
-823
-721
-1744
-2400
-1143
-1685
-1029
1331
8713
4637
-1327
-2912
-4149
-515
-154
3521
4261
933
-4784
-7428
-1046
1684
24
2610
-233
-2525
-1551
-4210
-1018
5090
1589
-2667
-603
4246
226
664
720
-3035
-3185
-865
-1082
-1000
-1337
-3895
3313
5575
963
-2670
-725
-3209
-2080
-662
-1383
4428
1209
-1481
-4537
-6800
-2688
-1061
-4350
5308
6360
788
1634
-1954
-5888
-4681
2418
-29
5644
4015
-3005
-2289
-6036
-3951
579
3415
1075
-1428
-2877
-4297
-1517
-394
2367
3757
5609
1720
412
-4046
-2975
-1026
-340
1102
223
-160
-5352
-2272
-42
3931
2680
1810
220
-2028
-1033
-2273
-4008
-1557
1219
1349
794
-1176
221
-1712
-3968
-3594
923
3329
-783
-712
1772
409
-574
1052
3891
3244
-3344
-3704
-3578
-1344
946
1715
-4632
-2541
745
808
-307
225
2644
-4081
-5329
-5577
-2419
7390
6881
255
-992
392
-1152
-966
2496
1638
-68
529
1159
3927
594
-3076
2190
1093
-3057
-4241
-2713
-4701
-940
-2032
2421
7212
3251
1250
2890
1863
-5359
-5251
-1581
3944
3372
1567
4156
3036
-515
-3452
-316
-1481
-2046
3349
3015
722
3205
2589
-445
421
-1952
-3461
-1125
-445
1637
6282
10845
1861
-3798
-3746
-4896
-1096
1729
1472
7492
6371
-3528
-3617
-2656
-4089
-4428
2991
3886
3572
2139
407
-1772
-3020
-4100
-5312
1884
2481
-3328
1404
4480
-418
-494
414
-2868
1654
4808
-615
-3903
-3651
-1024
3073
3789
2155
-4856
-2219
-383
-1478
203
626
4982
1850
1989
1404
743
-3001
-5702
-693
2772
3270
1028
846
5675
7201
1737
-2350
2893
-2293
-8536
-2289
1269
4522
5865
1318
-716
129
-5046
-2090
-69
-1481
-259
4339
2893
-6117
-3159
-2261
1015
1781
-379
1648
-1388
2992
-401
1285
6324
2436
-820
-2673
-2228
-2752
-2065
118
1612
1250
-110
-691
-4083
-3355
1908
-714
-1027
8
1781
1109
-1345
-3459
-2408
-1097
322
3257
5493
3261
306
-2069
-3124
-637
1878
3731
2933
-30
-4870
-3609
-5078
-1040
6522
5284
3018
1038
-3315
-5001
-4636
1804
3782
1026
607
397
312
3534
312
-2218
4114
-4430
-3017
3358
3693
-301
17
282
-1189
1317
1501
-481
-687
-1824
-2526
1281
2696
916
1403
2004
-3669
-1056
-1112
-1311
733
1230
248
-3471
-3924
544
2057
846
5901
503
-5469
-1169
-2545
-817
4620
1667
1254
1139
-1667
-2159
15
-1180
4177
381
-4139
2285
-359
-4793
3245
5992
1837
829
406
299
-3103
-2353
-528
-365
1272
2133
2166
2512
-1960
-427
-1018
-529
-2547
-2000
1865
-1513
-550
-3065
792
3243
3209
3728
454
2798
1263
-5559
-3959
-3834
-2641
-295
2252
5902
1630
-1799
-4089
-5345
-1735
1253
3318
4001
-318
-2521
-2562
-5199
-3153
1658
3862
-167
-1192
-1349
-686
929
460
297
332
275
479
-3292
-7335
-5540
-669
1536
-1002
-827
1940
1816
851
-2408
-2049
-2285
992
-520
-3403
1436
-2209
-1722
2360
3528
256
-1685
577
528
-1107
-4392
1758
397
-3642
-2032
-2774
418
2445
4237
5267
2394
-1568
-3777
-613
16
-3103
-1646
2881
1908
-1557
1415
2674
985
-1312
70
993
2398
616
-938
-3391
-3040
-1332
-1918
-1976
-1333
2735
2070
2135
2319
535
1446
2375
-1803
1630
1622
-367
3678
668
-2927
111
-278
-1792
-3728
-1249
1881
-1446
2413
4325
-1946
-1846
-2436
-4278
-589
833
342
681
-496
49
-3087
1006
3537
226
-1571
-824
295
-481
749
1552
1385
-1516
102
-2793
-4644
54
5237
5781
6614
2446
-753
243
-3820
3205
4132
4846
-1945
-5655
-2043
-1421
-420
2737
5201
1064
-921
-3899
2379
5581
1985
-2273
-5383
1813
3031
1279
-2760
-3433
2110
1392
-154
2416
889
-953
286
3232
1526
-1970
2273
1666
-1225
-1599
-1870
-3094
-174
-1850
-6074
-82
2559
1520
241
2982
4527
2705
-3929
-4524
1171
-649
-352
4571
1767
-1623
920
3541
3702
-4442
-6712
-3325
-3473
3611
6916
1645
-1864
-614
-4122
-1922
4319
-266
2009
3971
-4611
-4698
-1880
-2362
3015
3130
-242
1852
2113
469
1416
1682
-3016
-2371
-1556
2739
3751
771
2001
2458
-3631
-8516
-3881
-1693
-2056
-674
798
519
-320
1500
-1015
-113
1586
207
2777
2165
-943
2760
3759
883
-1540
-848
2458
3104
-3103
916
1821
-2351
-3971
1100
1998
-4036
-2897
-933
21
271
1165
4069
5425
1529
-4182
-3331
-2539
-2699
1405
3089
1458
2245
-2351
-3286
2103
-943
739
2412
1062
-611
-1461
475
-547
-1591
177
-2200
-2507
-2801
-5741
-674
2588
1268
2882
273
-3765
1018
5012
322
-317
-769
-1879
5941
2821
1996
2077
-2744
-5884
-2088
1351
-1561
3154
-2051
-3346
-48
-1191
-1559
1582
1983
-2041
1590
-1134
286
2392
-408
2310
1501
121
-1894
4052
2307
578
-2974
-4798
-1282
-1121
2657
-3645
2018
1826
-1337
2562
2189
588
-1458
-289
1877
-239
-4958
-527
2015
2780
-328
1822
1789
2099
621
-2704
-1968
-5607
-2395
3405
4015
2008
-75
-626
-3096
-4960
739
1214
78
-2052
-2259
-2404
-2952
-3512
-3349
-1640
2131
2992
1901
3805
-283
-938
763
-121
3052
-2331
-5225
-1843
161
462
-667
1349
-1511
9
233
1353
1429
-886
506
2627
2558
113
-31
-3554
-3769
-2792
-2578
2328
4261
2892
5116
1054
-663
3066
-3585
-6198
-480
2834
1107
2746
2419
301
1015
2146
-320
-1436
-2493
-3599
2928
1999
2437
2800
-2024
-1670
442
-223
-2275
1164
644
-4122
-789
1057
1944
6122
1110
-2852
-5949
-5055
2319
2299
2387
434
-147
1781
1802
-2564
-1643
467
-494
-713
793
1667
2505
346
89
737
-3586
1658
2190
1413
130
1498
-948
-3799
-1862
520
-2322
1387
-319
-4452
946
-355
1174
1624
887
-1940
41
1606
716
1445
-1364
-2452
-2763
-3057
-822
-257
3174
1421
-1095
-2675
-2652
1579
2319
-388
-1346
1975
1608
98
262
201
-2053
-2112
-4580
-1025
-216
-3003
1101
1209
4924
3405
-608
-1869
1166
2211
-1715
37
-842
-3269
-1338
-3807
-3066
-1656
3416
2865
370
-93
-3276
280
-439
-827
-127
1902
915
-540
-711
-2053
839
-447
386
5081
2329
-1390
-1703
-3866
-1157
-178
-1116
558
-203
1691
950
2414
2528
-227
-70
-510
937
959
-542
-1262
1129
683
545
1664
-1
-1771
-862
358
2748
4367
1677
595
4341
-2479
-2676
-1618
-53
3362
-2193
-312
1978
-834
-2170
-1179
3930
5913
4496
3657
-1515
1513
-14
-1282
52
-902
-201
2789
1505
-1384
4003
300
-2789
1260
-2338
-1962
2036
-578
-4236
-1045
2075
3482
3074
-907
-3013
-3001
-1396
216
3824
2222
623
560
-2414
-3065
-777
1025
1871
-982
-386
79
-758
-1390
-1929
105
-1242
4334
-1118
20
500
-6460
-1803
-1490
2052
3733
619
1990
-3029
-4066
83
1639
1703
-2575
-1508
1059
1322
-783
49
200
-2515
-1873
1786
1313
3
89
-1803
-343
-2077
-1962
3490
-1474
-2602
6035
5159
-334
-5677
-5837
-1819
938
-622
940
1366
4647
1324
-5383
-2820
-5628
-1194
1805
2121
5545
2333
-2125
-960
1308
1664
669
-3697
-3809
235
3105
5532
1952
-1228
-2284
1011
5670
1956
1130
286
-6037
-3207
1974
2056
3881
-1136
-4450
-3988
-3506
1018
2917
173
-1276
-1790
-3725
-2420
1852
1452
2670
27
-2340
1914
3888
6430
4076
-5421
-8073
-4516
-2390
240
2267
-1294
-4533
-1569
-582
-636
702
663
234
-3655
-1412
1387
-2077
-784
-1468
-2662
2511
2114
1568
4339
1530
-1102
3228
3374
1916
-3113
-1741
1043
-1685
-104
4098
1179
-972
-40
-1055
-889
130
-1806
2388
423
-5872
815
2452
3088
6731
4713
3861
-1955
-7856
-9966
-3378
6933
5984
2373
-1069
-5690
-2463
71
1204
6581
3958
1723
-3529
-7162
-3031
-268
1256
672
-189
714
-1807
-1501
3079
3767
168
-3872
-4047
710
1877
2298
2615
-1223
-4701
-4507
1190
3411
1056
-4027
-888
721
-1582
2952
1139
1673
-611
-5173
-2218
281
-1887
-1539
1556
-2833
-3684
-1692
2445
1822
1515
146
-353
-1104
-597
2561
1019
3985
980
-1412
1200
-1884
-1556
-4699
-4453
2514
-622
-1764
29
-1068
978
733
2676
1075
-4563
-1735
-825
2281
-1537
1602
1017
37
-1697
-1903
985
4070
3778
3488
3081
-2908
243
807
2827
5602
-2509
-4786
-1941
-2787
2411
5895
4804
2254
-1716
-2494
-2450
2486
4396
2988
286
-3585
-1785
3798
3883
4216
3292
-768
-3918
-625
-1448
-1530
1583
3208
2334
-1247
-2224
-1282
1789
2627
2047
1360
949
2919
-1675
-2051
-705
-4261
-1870
-793
3938
-427
-2000
741
2887
1054
-3452
295
1098
-308
-383
2224
1291
1640
1778
720
-1477
-964
-1806
-1720
-1792
-3155
2013
4237
438
-894
379
-3715
-4505
-3564
-2826
5611
3427
-2027
677
83
-5220
-2314
773
2500
2441
455
1472
-1482
-5945
-3035
376
897
258
-896
-274
1492
-1111
-2367
-728
165
1478
1452
2157
-1064
-3824
-1513
870
-2208
-206
1888
-815
1288
1428
4759
1012
-1599
-2208
-6251
-3295
-609
409
1155
406
2387
-1016
-2394
-2701
-350
3685
1869
3201
656
-1188
-443
-1960
-3025
1740
-1689
-123
1937
2168
5023
-653
-1666
-2788
-3209
-2376
1175
1160
-1310
2338
3423
2293
2581
3791
1545
2631
-3278
-6285
-4366
-2040
5439
9021
4474
-1366
158
-382
-581
1118
843
3806
4590
-1647
-3893
-5521
-2874
3677
3676
1071
2869
2097
-804
-2399
-2729
-1412
-2401
702
612
3824
5032
1007
-658
-1629
1399
-636
-1966
-74
-2599
2923
2221
913
2488
-1506
-971
1515
-2841
-6174
-1347
503
1614
896
517
907
343
-532
745
-1099
-43
-2108
-4073
1515
-350
3664
2288
2212
2547
-3529
-2402
307
230
-567
896
565
-1411
-3777
-2565
1021
-1072
252
3704
4055
129
-1994
-2892
-2255
1536
2744
-159
-350
893
-515
-330
-704
-3514
-2106
2009
2616
3814
93
-1992
-149
-1187
-3407
2136
1737
1772
-302
-2121
-3500
-4278
-949
833
1819
-1121
-1186
-37
315
-557
2831
1140
1547
2185
4484
1647
-1785
-691
-1805
-2800
-631
660
1571
630
-2014
-577
3706
4354
3
-1901
-833
68
147
2151
4279
1005
-657
448
584
3973
2449
4743
2273
-1721
-2686
-3888
-5072
28
5366
5168
1595
-2233
-1122
-3413
-1494
-276
1581
3271
1671
865
2082
258
-3789
-2794
-2840
-4183
-1679
626
1559
480
-218
2734
88
-1682
-38
-1632
-2717
-1318
-3662
-4112
-3427
-4198
1670
5303
5338
4463
124
-6266
-3882
-1120
2123
3510
182
-2913
-2816
-2589
729
2785
3308
3052
1311
-1847
-2395
-772
101
-451
1501
2673
1384
199
-1031
-3650
-2445
1564
3118
7816
5282
1784
-2048
-8409
-3527
-1143
3609
6551
2632
2386
110
-4441
-1926
1967
-686
1520
872
1676
-1662
-3072
-2225
-1959
-667
-1794
963
1708
-1435
-4948
-422
2028
229
869
1757
1009
-3585
-1790
-1453
-2067
-4208
-2410
310
4331
6739
1010
-2529
-3310
-2121
-1730
-206
-744
-2623
-3031
-3297
3224
3871
3259
41
-2072
1037
2271
2948
1160
526
-510
-6213
-8269
232
2928
4035
5854
2231
-844
17
765
-553
-1493
-2564
-1252
1948
56
71
128
1283
1172
-2038
-2330
-3410
1362
2394
-514
4015
2882
815
-393
-416
2589
621
2825
