-5400
5483
-6048
989
-204
-894
3560
-4194
-2
-203
4318
570
527
3161
472
1727
3802
807
-1992
5632
-3751
1892
4402
-4655
1208
2179
-1480
-1776
-1882
21
1914
-5751
1992
2199
-5229
2752
678
-3800
1239
3164
-1252
339
3776
-2607
-1787
2265
-161
699
-489
1344
3247
-4353
625
3871
-4503
1995
2665
-5954
1121
-741
-3593
292
-5186
3244
949
-5801
2511
-113
-3716
2666
1464
-5232
1129
2788
-4769
2317
4080
-3927
-816
2613
-1476
-664
2298
-1912
3800
2057
-2775
2787
-1331
-177
2438
-4877
-3175
4064
-1783
-6274
2901
913
-6608
3442
-2110
-4272
1345
-836
4480
-3302
1493
4868
-2681
3735
695
-3441
2601
-1282
1859
3001
-7522
2194
1724
-5792
4421
-2508
-3567
1165
-864
-1794
-965
3973
-1728
-582
1826
532
-1929
1210
-1607
-1989
3414
-3654
-1071
990
-4533
3403
-1861
-4563
4674
-5933
1200
3988
-4949
2674
-660
-6169
2024
-511
-3238
3550
-1795
-285
4467
-3100
407
3868
-2465
-1615
2146
-1073
-1587
2350
801
-5756
782
1794
-2771
1147
-1633
1194
321
-1807
-1193
3858
708
-1775
3584
715
-2073
2227
4015
-5197
2673
4493
-6270
2249
3149
-4315
-250
-473
-276
-2134
-1377
4795
-2926
-295
3424
-503
4266
-2270
-1758
6281
-3928
-6922
6330
-1289
-2538
5851
-2137
-726
1621
1342
-1097
-1380
-1479
156
2188
-712
-561
27
3066
-1258
-3690
2203
-2152
1325
1938
-6157
4264
-743
-4035
6245
-3005
-854
5581
-486
-1400
4440
-1604
-2640
4780
-1583
1069
3051
-1816
3413
1103
-1437
6014
-4711
2013
4352
-5090
6374
1235
-2599
592
-689
-2192
261
205
-333
716
-1272
2701
175
-2917
1492
1927
-578
322
329
771
796
531
3290
2311
749
1942
1807
-5093
1653
3454
-7490
1909
5154
-8048
2516
5212
-8243
1447
-909
-1554
1431
-2447
1903
2858
-2683
-5531
2936
-1030
-3255
1647
115
282
-716
-1716
495
2331
-3319
-2668
1289
-913
-2455
3336
2012
-3314
4073
3010
-1202
2041
2464
-1147
2078
1238
-4342
1973
1806
-2588
-976
1029
-705
2368
-1027
-4256
3945
-2698
-2950
5649
-4484
-3880
7099
-3430
1729
5858
-3797
3546
1538
-231
2622
-3125
-1078
-376
-6230
3005
4410
-7331
1570
1254
-4494
295
-773
-802
-948
-1500
-42
-1565
769
-186
-8680
1977
3831
-7863
1096
5013
-5631
-544
3414
1349
-4977
778
2700
-6467
3460
2887
-3345
943
4539
-3136
5747
230
-7153
5322
-5726
-1365
5982
-6384
111
-541
-1737
982
-1282
3289
-6191
579
3163
-5834
600
4982
-1742
5
2975
-99
1931
962
2309
1338
2030
-746
659
-193
-1494
3140
-2572
-2313
2460
-4127
-4699
7185
-2116
-1854
5292
-6263
511
4372
-3176
-966
3703
547
-2715
4722
3259
-1618
990
502
830
-2285
-1588
3535
-1641
-4397
3914
-1451
-5308
1071
-1275
-1298
-1972
2160
734
-2469
1079
16
2697
-388
1081
1673
-6742
5491
1109
-13590
6055
2411
-10045
7342
1556
-6338
4069
-600
-3071
3113
-3165
-1568
7729
-5217
709
5929
-4710
2610
1972
-1952
181
3610
-3707
-999
3768
-3315
-3743
-295
2961
-3637
2952
2129
-4813
4360
1213
-58
3241
-1226
969
854
1365
2487
-4009
4547
4858
-4311
5045
734
-2639
1334
-4669
1170
1480
-5075
2752
7090
-7601
83
11310
-2346
-3088
8039
2887
-3640
7329
1066
-6687
5196
5119
-7118
2453
1604
-1553
4426
-2800
3626
441
-3022
857
2594
-1982
-4172
5640
-729
-1240
1525
-1953
4533
1076
-1218
-700
-186
733
-1994
2641
-2041
-3039
2374
-888
-3535
533
-1469
1542
2746
-5280
3203
2520
-3301
3903
346
-2917
4525
2010
-3002
-707
3417
-4558
-4097
6425
-4842
-7809
5803
-2313
-10128
3805
-117
-8773
2547
-613
-3317
4218
-1482
-1282
3977
1956
801
3221
-1971
-377
4725
-4041
3132
6376
-7938
2705
1693
-5486
1618
933
889
-2312
2754
-1575
-1395
1355
-462
3984
-2974
1235
3924
3386
3225
-918
3145
-1082
-2263
560
-241
2713
-3358
-2258
2171
-2707
-3766
126
-2665
-6024
1022
1137
-3174
-2628
3157
-3147
-426
6373
-3341
871
938
-5403
-450
-2090
-1719
1487
-6108
-626
1236
-5567
1516
-1263
-4411
-1132
-1932
-1365
-686
550
151
-1807
2825
5111
-4833
1506
86
1201
5409
-2972
708
-2747
-300
928
-2806
2691
-1342
-2573
811
-360
4402
-5312
-304
4524
-8108
3184
3310
-2102
1035
-274
3485
1097
-284
2020
3923
-721
-2298
7829
-5623
-3058
5207
-4854
-973
1647
-433
171
2795
-2401
2162
3416
-2177
4224
-1339
-1113
-813
-7417
8584
-6187
-4845
10596
-4694
1120
482
-2089
-2731
935
-1322
-2936
5422
-2485
-933
4664
-3088
558
3586
-4574
-3690
5798
-4642
-4524
4838
-5784
722
1902
-1588
-1158
2259
1572
-3730
5995
-2424
-5494
9621
-3008
-1232
4592
-5673
4583
1114
-2166
4900
1820
-5450
3247
5599
-6295
4602
1661
-6813
1888
2412
-2412
-420
6302
593
-4288
7810
-3399
-4548
4995
-3857
-2146
4690
-1865
-4961
4977
-1045
1996
-1001
-1661
95
-4465
238
2084
483
-5123
-2594
1779
-1268
-601
4789
-1188
-648
3545
-4480
-442
6667
-4557
-5611
6542
-925
-6623
7048
-1983
-5923
6719
-3826
-2951
6409
-6118
-687
8165
-7942
-393
8970
-6499
3829
4839
-987
7613
657
-195
4681
2483
-3972
3403
1753
-4481
-112
3604
-4428
-3629
4996
-3460
-2807
2938
-3434
-1314
1554
-2923
5998
-394
-2253
4813
-1876
-4620
7783
131
-5647
7668
-226
-1945
2945
-1145
-1819
765
-1874
860
35
900
2758
-2548
-3591
5832
837
-2878
-319
-2391
1041
-7520
3083
-695
-3981
5283
-3484
-204
2242
-1088
-3017
1034
1844
-3772
-1466
1279
-1275
638
1303
-1329
1884
-873
-529
-735
3534
3409
-6598
364
3943
1102
-3918
-445
3793
116
3664
4670
-1579
1598
2512
166
-2348
-1841
406
1374
1113
-1648
1752
-799
1727
946
-2756
-1694
4951
-4420
-3294
3902
-5512
1483
-1538
1917
1440
-3418
7029
-3217
-2574
7727
-3511
1138
3600
-5462
-325
-829
-3923
-1245
-2479
-3120
1098
2169
-2499
209
-871
-6067
-4708
4914
-2453
-6760
5891
-3427
2161
5378
-2879
2743
5004
-1063
2212
1914
722
-147
1756
292
-3922
5562
-3470
-3302
-70
-590
1902
311
-4831
842
861
-9464
-986
2935
-6405
-1244
6102
-6958
-1255
5781
-4757
-1536
2180
-4636
3901
-566
-3303
5058
-1946
-1732
-154
1636
-3560
-1916
4258
-1464
-1448
2961
-1532
-1429
5536
-716
-332
1697
-1946
2584
2793
-797
1716
-1023
-873
-491
-3314
2850
-1905
-639
2785
-2636
2172
-911
-392
3599
-3066
2150
4155
188
1627
1847
-5808
2121
4933
-5936
3265
1265
-231
203
2450
-2352
-4702
-2187
-5478
2651
-4733
2663
-1780
-4831
6453
-5054
-993
-852
-2648
-2573
1037
3664
-773
1316
477
-1706
3814
6343
-4982
1015
9784
-4903
6635
5404
-7525
11319
-6408
-5924
3576
-4083
3026
2862
483
982
2099
-3380
-344
3125
-3830
-3469
5423
-3173
-2820
7178
-1275
-2299
2806
-3220
4183
1050
-1156
8377
-4535
-2252
6516
-1314
-1360
5996
476
933
2866
-3109
85
-577
-2329
2081
-3186
47
3507
-3103
-2538
-913
-1047
-581
1534
432
-78
1471
-430
1265
3172
-773
-1169
2468
3537
-1361
5845
-3636
-2200
2806
-6516
6075
-2513
-4128
6189
-35
-9531
3807
3544
-9620
1640
3344
2338
-2487
-1876
3588
-2413
2257
4661
-782
-456
89
750
-2682
-585
2601
-3145
-5147
3671
-1243
-7723
4627
-3875
-6680
4197
942
-5932
1456
4539
-3732
3158
5133
-3651
-283
5270
-2859
2809
300
-3965
-2371
781
1175
-2739
2212
-4020
159
-1965
-2718
3575
-3479
-3955
4748
-4184
-2353
8127
-3102
-896
1411
-2846
1586
-63
-1905
1770
-3256
2101
2885
-5319
4476
435
-2123
1223
-3570
6434
-1287
-3011
4509
-286
786
-923
146
-5075
1221
-119
-5278
522
-570
545
-2359
-1239
-110
3179
846
-3355
3354
1853
-3342
3222
179
-176
2213
1995
-2439
-4285
5093
-5996
-1388
1810
-4862
5144
-3814
-8164
9082
-3868
-8682
6202
-1681
-3993
7611
2565
-8359
1859
3518
-4757
4025
1721
-1779
5129
-5844
4770
376
-8114
4613
-3265
-4619
2309
2908
-5241
370
4006
-4212
2600
3260
1488
6502
1094
1187
5155
-879
661
5993
1809
-891
3566
-1637
-5085
6658
1291
-7005
2373
-1508
-6336
1610
476
-2508
4814
2541
-5455
4153
-280
-802
3918
-1592
-158
3983
5245
-1505
-1455
2914
526
-5616
-190
-496
-3199
-520
3127
-1256
-4289
-1593
-3595
-1676
-4196
665
1847
-6226
2022
3844
-6988
-854
3369
-1325
-597
909
-1578
4037
781
3221
6861
-6947
5477
5825
-5321
4832
5504
-3239
-1294
5832
-3146
-2202
4377
-3212
1166
5003
-5206
-1836
7907
-3368
-1751
6140
742
-693
841
378
-3144
-66
4570
-924
-1893
6668
139
-1270
6192
-1642
-3626
4258
-4372
-396
4960
-10376
4252
5367
-8809
3613
2493
-7551
-111
6141
-4189
197
568
-3663
748
-4427
1670
2766
-2399
2895
6563
-5451
565
-573
-5093
3990
-1147
-12
-1359
2730
-785
-3412
1487
1082
-2609
576
2547
-6865
3751
5111
-8437
248
1611
-2641
-1216
3552
-490
-3691
6729
-3540
-2050
5609
-4458
249
1119
-4121
2909
-1188
-4606
3105
133
-6820
1263
3468
-2239
-2375
4006
-2014
-1957
2281
-5156
2308
488
-757
463
-1541
-2050
476
-1536
-3175
1580
-4086
-1097
1479
-3134
-944
884
572
-3426
1513
2897
-2572
5055
3528
-4580
857
1065
-1504
2952
883
-213
-1258
2565
-4221
-1522
3522
-1925
6889
814
-285
3828
604
-502
-4166
2142
7258
373
2646
-26
260
1917
-3414
273
-3683
-1719
2577
-3137
-1873
364
-5204
-4030
-419
-993
-327
4059
210
-6854
4486
916
-4176
5178
-1261
-1231
855
-3585
-716
2092
-2315
-2686
2010
-3052
-2042
1513
-2225
1017
-1661
-4059
1207
-1697
-410
-527
2281
2733
795
3233
-2601
3501
3088
-3435
4169
3114
-2571
4240
-1540
-4514
2789
-2408
-824
-424
-88
-3558
-1466
283
-3971
951
1780
-3077
688
5359
-2536
439
3463
1152
884
6208
536
243
9422
-5016
-2070
7758
-6642
-1893
10171
-6095
-3499
6226
-7699
-1130
2167
-7057
977
1396
-3216
-406
-635
-957
3750
-1615
-1878
8397
-412
-5391
7326
-2355
-3278
9039
-1764
-3017
1845
142
-2689
1324
1905
-965
2173
-76
2375
141
-2747
-249
-2341
4499
-376
-130
5478
-4529
-844
5300
1636
-1661
4849
3011
-632
4614
-509
-490
4671
-5737
-199
5282
-2106
-1609
1027
-4011
-8079
3602
-6661
-3740
3155
-4466
-632
-2213
-420
-109
-3011
3596
3487
-5483
2018
4805
-5328
1048
3656
367
-460
-1333
3017
374
-1193
1291
1936
-1637
-1070
-2854
-271
-1741
-3160
1365
-2716
1468
4497
-890
1763
3394
-399
396
-541
1048
3566
-2585
811
2840
-4891
5305
-1993
-3747
5624
-5691
150
4469
-7195
2473
1428
-4688
4053
-996
-1309
1273
-81
-1981
2269
1911
-414
844
1714
-668
615
3093
-4046
1324
838
-902
3857
230
-1248
-1009
826
-2279
-451
-316
-1791
3984
-5007
-1897
743
-6308
1611
3035
-2423
479
2460
-4863
165
4740
-1425
-3099
1957
-1416
-4508
6010
-989
-7595
6131
-2789
-8716
5075
-4246
-7418
7862
-434
-8229
4667
16
-344
2180
-805
-390
1423
-305
-908
372
1309
480
-2494
152
-2160
3159
347
-1280
1685
-4121
-1969
-3371
588
2422
-7967
5180
-433
-4804
4776
-2286
1575
536
-1527
3577
-1167
-3894
6182
627
-3584
4448
-636
-5559
2056
2317
-3468
1760
1635
-6399
3404
1671
-4252
2517
-765
-502
-330
-2236
-115
-2032
1555
-1337
-2572
4850
-2626
-435
-50
-232
233
-44
1887
395
1428
983
2985
5347
-4424
-205
5281
-2127
3674
-932
2235
-3450
-350
1557
-4772
5900
-818
-2004
1849
-2750
212
576
-5609
3379
5502
-5199
6281
3090
-6775
8834
-273
-1750
5049
-1842
2180
1931
-4601
-2677
2834
-2931
-3693
3687
-4162
-3491
-1544
-4052
-168
4579
-1496
-6166
7617
-5222
-2403
2969
-4557
3928
1553
-1644
1591
-794
-3713
-1248
1716
-5452
1265
5168
-8930
4968
658
-7612
8422
115
-9508
4911
3282
-3176
5312
3812
-3874
1041
-526
2338
537
-2826
4078
1022
712
322
4640
-1240
-3186
5133
2323
-4723
7713
3858
250
5073
2154
-782
-169
2009
-5047
2887
1570
-4843
2735
2742
-5786
-880
2274
207
-4820
2396
-1069
-785
5294
-2303
-2565
4269
287
-4609
4473
-1417
-2285
-2543
-694
771
-1772
-1914
-708
-189
-1150
-42
-1315
-2522
-195
-803
1302
1943
1524
1571
1271
5810
-475
-1864
2746
3130
-1379
99
3961
285
-114
-2486
1214
456
-3766
1386
601
-2525
-1431
3081
73
-4111
2125
209
-3893
3068
32
-3657
1381
4520
-3253
-4356
1995
-3923
-1963
1319
-4262
-1534
-1179
-6111
2911
-707
-3751
2592
-3701
-1147
-1543
-880
4854
-4259
1102
566
-4634
2811
-4738
2363
1102
-5309
7865
-1969
-6330
8162
-2883
-764
4497
-9328
6431
2811
-5978
6889
996
-1825
4168
95
1547
2663
1239
1800
-1936
3288
83
-288
2359
1410
-536
450
4270
196
-944
-2110
1365
1354
-853
1134
720
-2342
-969
3849
-3116
-879
5710
-3185
247
551
-1694
3408
-704
1818
-1519
-440
798
-2254
5384
-4271
772
6822
-5270
3882
4190
-3174
-934
487
3308
-3658
-3236
8431
-5996
-6168
8294
-2172
-1211
-1270
-1349
4262
-4761
992
1393
-5126
7665
-159
-2589
5667
-674
654
2900
1122
-229
-238
-4433
2247
-2289
-5744
2266
-3998
-2139
229
-3727
-3569
3159
-5554
-1563
4958
-5148
179
2163
-568
613
2327
1346
709
2002
537
-141
5239
1110
-2728
-497
1144
-4401
-2231
2875
-5400
2429
147
-3917
6530
-1556
-6091
5568
-786
-6389
671
2919
-1637
1759
3274
-1201
2091
-1487
736
3546
-1810
-803
2983
-3270
50
4162
-3434
-1771
2920
-2534
-1224
3277
-3896
-3026
1835
-952
-2975
1553
1584
-3943
1173
-83
-3983
6720
1633
-3060
7013
-2815
-1782
9020
-8807
-1610
3248
-4146
-617
1662
235
-2602
5130
-3055
1227
2466
-6740
3493
3844
-2784
6563
1854
-6491
7251
4387
-7796
6573
3989
-8111
3412
5243
-4110
870
3292
-3116
-673
-2190
1239
-1227
-720
-2848
-1144
2020
154
-2940
-2525
3257
-4265
1238
-732
-1270
3382
-2996
1071
6107
-4650
1450
5303
-4075
2374
1809
3272
1155
-3978
203
6488
-3044
-7248
8482
-5489
-5639
8354
-4154
-458
4629
-2046
-2571
757
1752
1403
-875
1360
1165
-1190
3166
-231
3907
-167
-2145
7120
-4728
-2478
3972
-2368
-333
1637
-3026
-2253
-158
-1215
-1602
-4865
4733
-1193
-3950
5299
-3183
-2006
2086
-1853
-976
3440
1926
-528
3948
-2086
366
6221
-5257
2959
-192
-1719
647
-3583
5668
-5604
-2370
6749
-8891
1359
3938
-9198
7927
2941
-5708
8047
-2129
-8542
6890
241
-2364
8675
-3276
-3089
4445
-3032
-2217
1743
-3610
-1375
-3409
-7711
3469
-2650
-3827
4660
-2236
-778
3504
-134
-3838
887
2288
-1324
1362
1946
151
-1229
1418
1805
405
-1323
-493
2382
-5461
-4446
4385
-3273
-5920
1040
687
-3098
-1327
3903
-3329
174
2681
-1989
123
-1388
-3913
-728
355
-2259
3325
-3156
-656
2338
-687
-1243
802
3573
-4125
150
-1537
-1534
2658
-3100
3108
4080
-4168
2904
-1503
-3470
2919
1607
543
-1919
1246
-921
-1674
3945
-1192
-1643
3402
109
3140
2575
370
2455
489
-144
2697
2621
18
-2698
5620
1025
-5915
7604
837
-7660
3504
1243
-6997
218
1164
-1030
945
-2990
-773
1900
1519
1689
1561
74
-4729
4749
-4623
-2516
8814
-4701
229
2421
-5743
939
2052
-2156
1676
-3654
-1124
310
236
526
670
-1024
-1353
571
2701
124
-3246
3047
-4221
5458
-653
-3326
4449
-6494
2019
920
-6200
2996
3778
-6186
-1664
1314
-1428
-594
2150
1861
-2798
-36
2844
1744
2585
3855
-634
901
3322
-607
-94
125
399
1860
-1672
706
4279
-6235
2347
3028
-3943
3675
744
386
3382
-1346
-225
9601
-3671
-20
11360
-5493
136
4994
-8003
4317
1064
-6307
4973
-491
-4916
1300
-874
-6674
4700
1596
-7624
3024
1721
-3830
3209
646
993
1474
746
-2471
1402
4658
-9147
6023
1381
-10225
8155
-1396
-5415
3538
-6064
2024
4626
-8125
2214
-1109
-2445
4745
-1221
336
-3823
652
-138
-6162
4915
-2323
-8171
5186
-2195
-5482
3163
-2886
-3840
-1424
-773
-1342
-745
1496
-352
-394
764
1195
1986
-2985
230
-1196
-3944
3924
383
-2077
-5582
-125
858
-6746
4250
-1298
-4391
5900
-1750
869
2264
-2236
3590
903
-1203
6361
-1521
-3091
8753
-2696
-3621
6004
-6198
-3400
4879
-3319
-1917
1746
2432
-4070
1855
1452
-4298
3199
-58
-1773
4466
2002
-3386
7702
2164
-2846
5510
945
-3214
7086
407
-2944
4152
882
411
-2937
4066
-3930
-1022
5170
-7609
1035
2421
-2816
4369
458
-942
1235
-297
2748
438
924
2837
977
-1665
-1420
230
-400
-2513
-2271
-2496
-313
-1381
-495
-1156
-3604
881
-628
155
-4233
1706
109
-3543
4536
-1166
-4089
1250
2054
-1667
2066
-582
-2357
892
2707
1880
-1930
2515
-1888
1277
4240
-3975
3866
640
-1038
3540
-4438
2032
6788
-5026
1126
3538
-5660
-3487
1364
-511
-5409
-1016
1295
-2162
1015
2016
-886
3746
-2907
-1877
8172
-1280
-1632
8364
-2363
-1732
7061
-3930
1297
6511
-5588
-2227
4615
-4711
-4148
3409
-4923
-1016
2770
-3034
3350
-1073
4452
3766
-1689
4043
-4075
4301
3082
-405
4604
-823
3473
-799
-149
1068
-98
860
-81
-1774
-2807
3133
-4300
-2806
3771
-3138
-536
4631
-2126
1345
2697
-804
1474
1995
-2160
-1106
3154
-5190
3291
4640
-7628
751
1102
-7848
1281
825
-3799
3113
-872
2673
-374
-4745
4743
-1133
519
-201
357
3686
-710
1416
2271
454
1085
-592
-3031
-1850
-4064
6814
-3647
-1914
4400
-4340
-979
-1450
3534
-3866
-1089
5306
-2755
3019
2243
-6762
4890
-930
-2826
3831
-3256
343
1369
-3094
4110
2914
-3946
5296
-4478
-3623
2143
-5862
2583
2891
-5685
3084
1985
-8731
3592
1542
-5797
5262
1025
-6424
1429
-885
-1249
2015
-1810
966
3374
2419
723
-482
2521
181
-1602
5265
-5120
-2683
3967
-5403
-1161
3407
-1654
-3961
-1065
-830
-5131
-3383
3588
-3332
-4035
348
-4776
-654
3890
-5562
-196
6331
-3800
-221
3930
-2583
968
3832
382
-2544
555
3139
-1207
3929
994
-793
214
-1428
-1517
-4032
1494
-1848
-1423
3118
-3232
3848
1527
-1551
1722
-27
-639
3016
3076
-1502
4648
-2402
7659
-1101
-2789
8218
-7671
483
1217
202
-830
-3812
346
-3991
-438
4315
-5085
-2327
6865
-3362
1121
5107
-4412
4747
422
-2642
5353
-3170
-4917
8706
-2482
-5801
5915
-3957
-7056
2576
791
-7481
3188
-2985
-1591
840
-1494
7258
-2663
884
5232
-858
-447
240
4448
-4025
-2175
7376
-4426
2118
-847
-4188
3522
-3609
387
3149
-4298
-687
2498
-2478
2479
-303
-1533
1493
-2051
2042
2307
-1182
1613
1378
-790
3528
732
-3119
2274
-62
-1160
653
3167
2359
-4629
1407
-1288
-5335
4547
819
-823
1510
-2785
3544
539
-2505
-282
3929
1900
-5052
3088
334
558
-374
2179
267
-1155
3932
-2386
-220
963
-192
692
1924
-2194
-125
600
-566
2199
-158
-3243
1150
1997
-2471
-1400
-331
1036
-3720
833
-1349
-3624
6657
483
-2238
5112
-1901
-3574
4687
-1252
394
1844
-5194
-1498
3590
-4286
-5573
7079
-868
-4423
4380
-2782
-3094
1651
-1723
-305
-1275
-2320
3404
1050
-1606
1228
770
1914
1969
-1510
-674
1154
174
-938
414
-1815
-2147
1454
880
155
-809
2464
2714
-2375
-609
3835
1195
-577
1972
145
-562
5680
3127
-156
4326
-2731
1246
1430
-4393
191
-1815
10
-4092
68
-660
-2842
2308
-1689
227
-1425
-211
-285
2090
-3623
-1108
5321
-6246
3010
3632
-6228
2183
104
-3827
1947
-3182
-3021
-1913
-1628
-174
-1525
3337
-2102
-697
3007
-5053
2267
2013
-7469
1331
1177
-3444
2796
569
-3837
3974
-752
-2096
5613
-1809
871
831
-973
209
-2853
4425
-2290
-4261
6596
-3454
1497
2874
-4348
1316
103
-3152
2870
1165
-4931
4503
1627
1329
-625
-2064
5956
-1283
-4240
4742
-3991
-268
7307
-6235
-501
4901
-6202
337
4465
-6323
1763
2309
-2737
1894
-1562
283
5823
291
-1277
605
-2113
1363
2212
-3044
1143
-2528
1308
-811
-4341
1773
-4951
-443
560
-1530
-857
2382
448
-1054
-2509
1249
-655
-4347
3639
-1661
-2858
1353
-2869
-3137
5540
-1880
-4393
1234
-3282
-1452
-455
-2040
2740
838
-182
3505
213
-667
678
1809
858
-2246
1786
1534
-4154
4104
-91
-5483
4956
2580
1477
-74
-1527
1156
114
-586
2737
4852
1024
3170
2678
1483
-2858
1483
-359
-4649
1130
2452
123
-3450
2139
-1305
-554
264
579
1413
-1015
3
1072
-670
-1638
3006
-1627
-2981
4127
-2137
-2790
6457
1993
-2639
-801
-370
1256
1498
-3739
1556
3226
-3086
1262
3517
-1614
627
2108
894
534
1041
2001
-983
2514
1513
-4691
121
4623
-6050
-602
7450
-3799
1076
4096
-2133
1073
1901
3
-900
3284
1257
-556
5031
281
137
1767
768
-1167
-3124
-1517
1403
-2630
-388
3618
-8629
3091
1736
-10214
3850
1080
-3007
4060
648
-3825
2412
1583
-801
752
368
1137
301
1365
427
2294
271
857
3083
-504
-978
-410
1300
-484
-2445
-113
94
-1207
774
-1632
-795
1465
-3222
1025
151
-7297
5531
864
-2416
4418
-1515
2018
397
2096
-2134
301
-712
-3905
4450
-3400
-2483
2511
-6739
2865
3793
-9900
3533
-967
-4059
1542
-3048
-1318
-3720
-2139
3864
-1151
-2854
3293
-3867
-3264
1032
-2406
2754
-1987
1221
2461
-5229
5126
-939
-1907
2477
-1420
-1115
74
-230
-984
-2423
-3132
3310
-6435
-2218
5557
-3153
-730
468
-736
-1175
1225
-32
427
-3276
-1789
2573
-985
5363
514
462
2190
776
2542
-4294
3111
3751
-2483
1395
2018
-303
3734
1375
-3147
4368
-635
-2273
3123
-717
-4675
3103
1532
-2837
-228
-979
-2400
-614
1405
-3843
-1284
2809
580
-4732
1891
420
-4372
510
-2533
-241
-843
-3384
737
-2380
-714
-1241
2
2303
-2350
2302
1160
-2472
3266
2194
-3666
4603
4110
-6784
1916
1228
-4369
2478
1650
-2058
-1946
111
-2625
2817
-416
-4867
3663
4760
-2289
2153
2741
-4990
6384
3887
-3832
4807
-2879
-4053
5706
-610
-556
382
-2071
1614
-808
-322
1184
-4139
1720
-307
706
4473
-1142
1182
4715
-326
818
1933
-2012
2807
-111
-2656
13
1116
926
2099
630
-2095
1232
138
-1852
772
-1637
-730
-1502
-2281
680
3160
441
832
1294
-4715
161
-409
-3888
111
-947
-3266
30
878
-2706
1046
1328
-1998
1910
-2072
174
-1138
-2799
-577
-2328
1239
1509
-1650
-879
65
-1804
4041
538
-2084
3688
775
-4050
2240
2469
-2977
2506
2365
-924
-564
2404
2139
-2402
11
-268
-1224
220
-2593
2508
3129
-3038
3096
2853
-2425
1457
535
-1603
-442
790
1571
-2901
-166
4686
-4399
368
287
-3218
2985
-4022
3413
4579
-3492
2816
2107
-418
-862
1183
1965
-580
1581
1595
97
-1836
2309
-4215
-2110
1696
-6288
2595
-2444
-3218
1843
-2444
-761
6160
-3548
-1288
6453
-2440
1906
-751
915
-2922
-2887
5048
-6104
-3395
1809
-1975
326
-2528
-140
-4314
-2460
928
-3557
-487
984
1866
-2986
2786
500
-3958
6362
-1697
-2475
3400
-2476
826
-1184
2305
899
-5908
733
416
-3535
2728
5636
-8281
3437
6145
-8032
8564
3137
-3531
5074
2973
803
100
2478
-2074
-3372
-415
-2654
-3983
446
471
-5304
3453
706
-4900
8465
-4603
-1183
6674
-1090
3781
-113
3171
934
-2136
4556
-694
-11
5696
-5635
-1904
2505
-4387
48
2096
-3933
-611
3542
-4308
290
-318
-4716
1570
-4099
-696
5009
-1460
-3216
1551
2634
-1859
314
-938
114
-208
-1088
442
92
1808
1498
-2302
-400
1900
-2536
1630
-312
-2026
2099
830
-1852
1224
2085
-5205
2079
3492
-5655
2790
830
-4721
4286
-4712
-4011
5807
-4498
-2249
3851
-3515
-1533
4278
-1873
-1714
4371
-1895
3799
2258
-3100
7126
-1023
-1984
2976
-5
-1245
-2593
1136
-199
-4162
2316
-399
-2920
1425
-248
-278
675
2023
3176
269
537
5807
-2270
467
5130
-1510
1377
3552
-858
-2031
1915
-2214
-1018
438
-2117
1405
-4880
1880
1903
-6472
4101
485
-2784
3463
-1490
-1795
3625
-1452
1635
166
806
2429
-1676
4618
1717
-1988
-504
1033
1738
-1885
-672
3343
-2977
-178
4774
72
-919
1954
962
-3213
1157
3245
-5026
-728
5083
-4675
-1467
4936
-1936
-4127
1271
-112
-2854
-208
896
238
-2668
-1172
15
-2363
2656
-729
-1774
2477
-997
-673
693
-2726
1802
2700
-4515
4944
-2773
-4137
2225
-2683
2404
-2044
-493
-212
-3862
128
1155
-1312
3644
162
-840
7687
-2673
1315
7513
-4383
1443
5116
-4236
4041
2738
-3991
3878
-181
-7119
7585
-1660
-7000
11272
-4853
-3319
8308
-3361
-159
7173
-945
476
-1804
1784
-1922
-2024
6488
-9554
3006
2013
-9442
2591
-2253
-4863
2451
-3017
-2742
5544
-4368
-83
2072
-1316
5471
-3205
2793
1205
-1451
3925
-3580
1874
2317
-5664
-493
1193
-3133
-294
-1344
-1463
720
2733
2740
-1818
-356
4014
-1637
-1000
4689
-2627
2781
4444
-2422
-6
571
-735
-1692
1398
-6359
-831
3414
-6034
-1679
-1084
-5548
2656
1812
-7906
5083
-404
-6187
2444
-1717
83
-387
256
424
-2014
-171
-1450
189
-371
1198
-788
-1068
-1622
-4161
2641
-2611
2323
2359
-6178
4882
-821
-5230
4510
-2035
-1740
6623
-3144
-3084
7194
-301
-1967
3455
-2305
-1146
2238
-2120
490
331
1781
-359
-1993
4735
-1974
-1969
6632
938
-1638
2715
1308
1264
717
-1007
4246
-2449
-2053
3620
-4044
2759
-2155
2317
1991
-5060
6023
-2002
-1921
1831
-1431
-186
906
3462
-238
-1258
3610
671
-1849
4248
1630
-5498
2040
446
-7179
2613
710
-8005
2155
1888
-6129
2011
-194
-5612
4394
-1550
-1443
3881
-234
-455
2432
3289
-2785
2610
2060
-3316
-1438
5031
-2908
-2543
7036
-8717
912
4746
-8868
1104
1921
-1919
-6719
-1251
5772
-4817
787
4777
1192
1803
2816
977
-2215
6415
189
-5278
4028
3966
-3498
-3255
3081
387
842
-413
2733
-1005
-720
2983
-4769
3168
-1029
2304
5382
-4702
3931
5735
-2500
253
650
-4753
584
-298
-2064
2464
-2136
-549
1915
-4893
3545
742
-2650
4675
-1499
3484
2325
-4169
3507
71
-5017
5525
-3978
-5334
5089
-2561
-63
-689
-1539
-185
-2654
-1192
-373
-535
-2722
120
3551
-3895
-3345
5050
-2667
-3943
4794
-379
-4476
3218
-1396
-5533
1240
1864
-3768
1587
1728
-4522
2266
-1258
-2304
-1644
1580
-2453
-1239
4868
-3291
-1317
2220
-3538
-678
3836
-3357
-303
4042
-1821
-1130
2486
-5440
-350
3304
-5035
2392
3018
-5093
3030
-816
-5927
1401
-1047
-2885
-1166
2285
-2535
-4595
1390
534
-1307
-441
-2370
962
761
-1033
-801
409
734
-1385
6138
-1725
964
4722
-5361
4579
5350
-5123
2688
3303
-3710
2999
-1970
420
3485
-4688
1210
3718
-6567
2070
3426
-11670
1618
4960
-5505
-1683
2331
-3009
-186
2969
-1495
1113
-1786
3315
-646
-361
4752
-4137
1517
4423
-3037
1876
5229
-4175
738
-1814
-3192
8169
-2654
-2320
7278
-7755
-400
4507
-5343
-625
3499
-748
-3160
6907
-292
-4092
6044
-542
-1827
5735
-2617
-2134
3108
-757
-2478
5394
-833
-537
7326
-6544
2424
5611
-2316
4395
-66
-3172
146
478
205
395
44
-2804
1336
-3167
428
5054
-6743
-3832
3716
-243
-3979
1993
-2818
-3967
2293
-2446
2679
1596
-4432
1803
-73
853
21
-1636
725
-2283
758
-3048
-39
2972
-5444
1480
1088
-3470
5191
-2644
-747
3800
-5779
7666
1109
-3900
7672
-498
783
3931
-3254
3338
4218
-3388
4285
916
-3913
1688
1111
-963
327
-738
5369
1790
-965
2933
-2827
-65
2549
1274
-467
853
-1519
-2051
2894
284
-1085
4674
-981
-1909
2627
-4336
4769
1751
-6174
1681
1124
-2229
-2085
-324
-1270
1189
-1343
1176
1016
-2259
-812
330
-115
-3912
3122
2911
-5762
-11
4113
-3424
-2565
2640
-848
-3030
1523
-4563
-1160
1477
-4661
2021
-1403
-843
2663
-26
1583
789
-716
262
272
2222
-2944
-4448
8032
-5697
-1614
6657
-6269
662
3090
-2928
-134
-119
-3982
1450
-4415
1624
3679
-3819
4476
-1263
-882
2766
-3003
2610
287
-2127
-1585
1827
1932
-6155
-208
2441
152
-1360
4522
-4308
-2534
5928
-7787
3089
5380
-7239
1916
6258
-3341
3810
-528
-2505
8004
-3847
-2593
2617
1305
-2291
-445
3614
-4439
661
6578
-3811
190
5674
-2954
5444
3378
-7414
5722
3885
-7871
4831
788
-5260
5891
589
-1585
412
-600
-232
404
377
-409
-941
-229
-472
1846
846
753
809
-2515
4952
-996
29
1807
-1287
-178
-6282
-1075
393
-2092
-490
-2689
-2296
-298
-5855
-1423
1374
-3582
-4321
3397
551
-5388
2347
930
2679
-4127
859
4757
-6394
569
3067
-3366
-2193
4165
-2335
-1383
2447
-7056
1984
5474
-5334
-979
2576
-3282
2395
5024
-2509
383
4793
-293
120
9074
-6771
1914
9260
-10440
3490
2301
-5654
2689
-2630
-4328
7597
-860
-6897
3485
-1342
-3818
2294
-3735
63
5410
-5329
1551
2811
-4520
-45
3481
-3128
-253
3628
-3533
-385
2059
581
-2806
-828
2685
-1898
852
4947
-3667
-169
5183
-4151
1520
6354
-4766
4067
7375
-2208
2221
1587
-519
1926
-456
-823
4997
-3831
-998
5863
-1146
-1287
2512
1892
-7796
-539
5325
-4780
2382
6895
-5228
2782
3026
-2616
3091
-2613
-1427
-1617
1177
836
-4066
-1182
909
-2924
-1663
1498
-2456
1852
-314
-495
761
-1334
-1028
-74
1089
343
-1971
1645
717
-4178
2469
-1452
-532
-1271
-1116
271
-3751
4917
-1475
-5367
5421
-2231
-2277
9628
-572
-1426
6904
335
-1601
4631
-1358
-787
5367
-1975
-4371
4130
-2840
-9768
6605
-5803
-5160
6119
-1748
-2564
2783
2960
-4373
6622
-1026
-1646
4920
-2204
7282
-2626
-455
6867
-4924
8638
-934
-6191
6084
-4048
270
-667
-2001
900
-2508
-825
-1783
699
-2194
1366
3669
-4365
3276
2265
-4762
3489
1574
-4396
3394
613
-1929
-461
-1445
632
67
-2920
1457
507
-6308
4310
-806
-4649
5509
-314
-3553
1155
-2563
460
2858
-2381
-553
1808
-1707
-436
3318
-1566
-1409
1137
798
-1115
1755
2393
-615
-540
564
591
-370
-746
3044
-363
-3281
3453
-532
-2994
-585
740
-761
-69
-1323
-1408
-2082
-3785
4429
-3324
-4330
5482
-4882
-2747
3227
-3001
116
1564
-1632
-4686
1771
-1000
-639
1591
-4447
3262
-222
-294
-122
-2184
-1022
-2049
1541
-1854
-6405
3602
512
2275
779
-3969
5766
-3539
2347
3947
-3058
1557
3584
-1453
-957
412
2668
-2416
-4500
4146
-4646
-2671
6024
-3353
-2085
4351
-6691
3159
2366
-3821
7395
2016
-1455
6222
2015
-3559
9402
2904
-3018
8789
-1964
-1627
6739
-5119
-1837
2212
-6115
-3512
3108
-4030
-3064
1130
-4576
-282
-892
2037
-2362
-4794
2088
-2493
484
4847
1050
-2542
1997
656
-2808
1606
498
-3603
898
357
-1488
-429
-2320
3822
-2484
-3646
7077
-2638
-769
3135
-4350
1261
4329
-884
-250
1710
-1971
282
3892
2041
-3078
2192
1773
1230
4822
-1311
-130
1080
-636
-766
-1073
4420
186
-5150
3906
-2938
-3048
2421
649
-1438
212
2288
-1328
3199
-3419
-1865
4040
-4613
1465
-163
-1749
5896
-122
2928
-200
-363
4279
-4581
-669
2859
-4174
4588
5462
-6661
4175
2535
-3476
1699
317
-968
2451
5241
-1724
2360
3266
-2509
4548
3954
-3167
5501
3617
-7311
3862
3215
-9982
409
5564
-10622
-4808
6730
-5072
-2326
3709
-3730
-1288
1451
-916
-2731
1157
1495
-1261
2932
1420
-3
-578
-518
5812
-1435
-4982
3248
741
-2958
-2127
818
-1272
-2728
-400
-1119
-585
-1521
-4039
355
-3066
-285
1464
-1840
1562
-2210
4286
-927
-534
4801
-2862
41
1597
-2392
2811
2649
-4532
-904
2347
-3398
-1581
3533
-4423
-2211
2418
-2482
-2753
-423
-587
-1935
2403
2061
-5376
7854
830
-7106
3138
997
-4047
2592
6316
-5277
3091
2358
-3394
-2306
-370
-186
-1228
1128
2384
-2302
81
2481
-1297
1017
-4694
4482
3837
-6216
6070
2154
-6757
7948
-1801
-4595
10117
-5370
-4269
2550
-1348
-4622
-767
5001
-6678
-950
4365
-2010
127
1229
-2821
2558
4148
-5525
-5
2681
-6346
902
3447
-4456
2169
2074
-88
-4145
2085
2202
-4128
3568
456
-3141
335
3101
302
-2104
-227
213
-2356
-1928
-925
1800
-5822
-192
4910
-6036
3452
2045
-2497
-1760
1116
5508
-2243
1889
4846
-4642
832
3792
-7068
3751
3195
-7030
4701
-3753
-5481
6114
-6547
-6693
9383
-1768
-10038
3661
2354
-2322
-4920
2834
2395
-7530
4026
562
-6727
855
-883
-4642
8065
-3120
-2718
11318
-8918
3014
2463
-4113
7289
-114
-4160
4571
6201
-7720
2297
6002
-2567
185
5920
1910
-3783
3737
3543
-3027
6390
2619
-1639
6827
-5250
1572
5550
-7339
-487
7614
-770
-2016
4410
-2386
-5749
5556
-1925
-5157
4138
642
-38
-2253
3430
-200
57
-1488
3991
566
-7803
9329
-4699
-4901
4188
-1611
-1811
-192
-1148
1077
755
-1831
-366
-4524
4301
-1080
-3268
2917
1014
-3829
1485
5607
-6626
443
2147
-6569
1276
3379
-5484
6831
-527
-3366
8891
-1802
-421
3980
667
-6670
3093
4620
-7048
580
3442
-1602
-3161
3046
307
-4859
3854
2537
-3918
1736
3415
-72
4541
-2437
2672
2463
-7095
6040
-845
-5657
5018
-1274
-3865
3440
-903
-1108
-2374
1995
-477
-684
460
-6724
3523
-888
-2756
366
2598
-2929
596
5416
-7284
3254
6438
-3946
-2501
5302
-4121
-4610
9169
-4153
-1342
5740
-3606
-2261
-1127
572
-262
-3228
-2994
1460
3039
-6331
-4387
4505
-1575
-5914
7891
32
-11533
13393
-335
-8843
13966
-6201
-3388
10738
-5068
2061
3775
-5647
5001
-538
-4782
5902
-963
-1538
-1045
-1723
2199
-5972
719
6737
-10099
169
7515
-8787
2664
6745
-6423
3531
4350
-5376
3076
1432
-2969
-45
1689
-5482
-479
3695
-5211
3622
4280
-4722
-736
5028
-2273
-5848
3750
2950
-10113
3140
4805
-9743
3381
1142
-9220
4816
2962
-6337
2505
-2258
278
4788
-5270
-1179
6858
-5083
-920
8048
-6322
-2138
3951
-881
-3149
1496
782
-2183
1252
171
-3006
-1148
1612
-2019
-2139
-244
-758
2194
-3560
-3335
7288
-2707
-2652
-208
-2839
1163
-1210
-495
-3184
-678
5969
-2356
1675
4550
-5328
1226
1407
2184
740
-2604
7024
-2011
-5073
2381
1334
-300
-2280
5662
-1898
-7099
4772
-708
-5675
3166
4410
-1122
2701
1971
-1535
-591
955
6722
-4622
2303
5618
-3302
2375
1340
1780
1138
2774
-3587
3363
-330
-2069
473
-5398
1337
5072
-3526
-6436
7325
-1919
-4741
2989
2843
-3151
1135
2060
-2066
-571
-1107
5458
-2146
-2539
5236
1841
-3586
4865
-1901
-941
4726
-2497
7704
-3468
4064
4571
-6268
5206
-714
-194
225
-772
1453
-4395
-1127
-1544
-2521
729
-3666
2718
-284
-6535
8578
342
-6383
7589
-2301
-2326
6668
5
-638
4520
-1955
-3600
3134
-758
-763
2772
-2798
-442
2837
-2545
-1780
521
-4751
-4325
8874
-7057
-2368
12244
-7640
77
3595
-2950
4404
-626
-428
6317
-6740
954
8543
-8489
-713
2803
545
4104
-3089
1277
1930
-2158
3493
-1202
-4632
1573
1536
-4889
2726
2960
-3311
4706
2207
-2014
-1190
4485
-2492
-3315
5444
1059
-3826
-1109
5243
-6988
1066
5892
-9360
4446
5791
-10795
3430
3936
-9176
6519
3412
-7914
3679
1098
-8186
5463
2829
-6254
3434
2128
-3424
-1747
321
-3294
-1592
-1145
-5829
-1457
-476
-2480
-2383
-1960
-1941
1516
1550
-994
-65
-77
2961
272
648
377
-524
491
-798
1138
-270
-579
-435
-346
536
-1770
-2398
2841
1613
-1257
1145
3721
-566
-6292
7614
1850
-9246
8187
-373
-6510
5142
848
-3467
483
0
-208
625
475
4890
-3166
-868
7968
492
474
3036
-472
2630
2427
5252
-1617
-3400
429
-616
1065
-1854
3951
-4355
971
233
-4053
2034
-872
-306
-901
2235
-2192
2966
-1491
1407
5115
-7139
5317
-1819
-6699
4203
-5724
-2533
4284
-7358
-2696
3632
-11702
-678
6479
-8187
849
6490
-5743
-2306
6303
-2041
-1652
-637
2229
2389
-2700
4603
1116
-455
-450
1549
-68
8
977
1134
3698
-4146
2552
2124
-648
-2459
2218
497
-3216
4761
46
-1248
2757
4937
-6004
3958
7812
-7008
6835
2000
-2009
4476
-3821
2745
963
-2153
3059
-616
-4009
124
-935
-2765
1917
751
-2354
-1175
3288
-1206
-4025
2643
-1820
-3241
3749
-809
-2069
1621
-1153
-2578
464
-269
465
2745
-2226
1176
1009
-3634
4906
1490
-904
1782
1170
3226
-3065
408
2702
-6535
2174
3825
-6033
-909
648
-1005
-4558
4168
3
-3511
7134
-1788
-844
2312
3159
-214
2082
2056
-765
-193
-831
695
1237
774
-603
3379
-1386
-1919
-1806
277
-2945
-5383
3713
1281
-7229
3616
5022
-8228
4223
4359
-2681
3719
-1467
-303
3021
-2204
3028
-473
-2217
4805
-2564
-5853
3217
48
-4611
929
-1763
-1253
22
-1106
1979
-5982
-2072
3908
-5612
1046
2633
-4204
732
-1248
832
3777
-6149
940
-111
-789
-103
432
3411
-6934
3768
-1059
-5246
5465
-1650
-1489
4672
-2835
-1135
-12
4696
-1871
-4830
12022
-1965
-3795
6654
1726
-5599
2566
2027
-1868
2091
-1758
1033
-841
-4643
1315
1207
-3835
-1117
-910
672
1202
-2195
-138
-1285
-4038
4518
-374
-4690
4112
-2255
-5174
4126
8
-3582
943
2952
153
-1971
2404
-3014
-552
636
-3159
2583
377
-5828
4030
2161
-3191
3799
-1875
1151
1067
-1315
-171
-3335
3408
346
-4361
4973
-2281
-4252
2544
3735
-2864
-1117
9227
-6929
4169
6650
-8252
8741
342
-5627
4960
-391
-2182
1717
-1922
-250
-675
-2024
-626
-1714
4110
-2317
-857
176
-1671
1140
-3424
813
845
-4157
2101
-3689
-410
5120
-6511
-972
-952
-4151
-1692
-1715
2298
1069
-5172
809
3411
-4264
-710
3150
-2525
645
-141
300
-738
-3857
3937
-2710
-1256
3974
-2746
514
6502
-4623
-2457
6947
-1970
-474
1866
2154
-88
-23
2299
-477
285
868
1456
-1002
449
2620
108
-679
1340
2242
2456
-2703
1039
5882
-4583
1871
6038
-4138
-661
2960
-1428
-3568
2153
6621
-3007
-2279
5599
-839
-5379
5118
1684
-9084
10366
1595
-4128
5517
-4364
3748
443
-2841
3441
-1335
-2474
1576
1045
-778
-2208
1197
2597
-2600
-3023
7868
-3335
-5548
9267
-3404
-3205
4869
2057
-3864
3395
3474
-4210
105
3393
25
-1188
4350
57
-5019
2154
1609
-3049
1828
-600
-5055
1233
1740
-4149
442
258
-3194
-376
7
1118
625
-933
1386
1141
126
-894
4045
1329
-2001
695
-1985
-2251
-550
2717
449
1603
-1550
-3664
4586
1176
-5479
3979
975
-7697
8801
2093
-9478
6653
-1074
-6060
6056
513
-4366
-716
3302
-2214
-3604
3893
-1413
-5527
4730
698
-8280
5393
325
-5164
6497
-738
-4398
3069
2250
-5682
2071
343
-5855
2319
554
102
324
5316
-3322
-443
8032
-8016
-72
6876
-5489
1700
3878
-4698
1976
-145
-4598
1439
2653
-5168
-2453
-3026
-4164
-378
-3090
-2561
1028
2359
-1034
3223
-1102
-3322
659
-94
477
605
-731
725
-110
-932
-487
284
1322
-2817
3643
-1092
-3367
3592
-3464
-614
-1115
1462
-22
-1482
7084
-5353
-116
3928
-3578
2948
1902
1067
434
-250
4077
-662
-1171
2902
-281
-27
3744
-3068
-3005
3447
-3799
-2293
2735
-552
-1986
-179
-2173
1317
740
-5126
733
5407
-6407
-3179
3633
-417
-1842
-3225
2163
-6135
-2222
5233
-4986
-2059
1549
-2224
-985
-2182
2168
-1270
-3838
5034
-2476
-2060
5496
-1166
3945
2467
-380
4641
-1589
781
2216
578
-258
2850
2636
-115
3248
5718
-1714
3945
4792
-2013
5268
242
1825
-1768
-502
3559
191
2716
560
1675
2899
-696
2682
1408
-3450
4104
1621
-2189
2264
662
-5679
-984
4010
-1456
-5408
895
2078
-7132
1232
3337
-8698
3072
-1299
-7166
6750
1883
-6031
-416
6812
-10655
2810
5354
-15575
5723
2811
-13852
6861
3057
-13220
8084
7069
-14464
826
12561
-13324
4701
9373
-11780
6621
1239
-4614
3448
342
-2085
-690
2161
-1074
-113
5598
-3210
-1158
5987
-2777
-2715
6990
1243
-4170
8258
-609
-434
7132
-1313
2528
2692
-2538
4101
1405
-6733
2604
3134
-3331
-141
5148
-7209
-3286
10416
-3304
-3589
10603
-787
-1614
9528
-297
-192
1518
1296
-2586
1252
1537
-4475
1823
-1026
-5958
566
-3009
-4744
2687
-5846
2333
878
-4241
4679
-6132
1825
-2022
-7945
10616
-3419
-8246
6921
-5067
-2817
2947
-8101
3212
-2367
-7946
5991
-3633
-7473
5573
-3505
-4280
6536
-5049
281
2274
-1501
1968
-747
1597
-3989
787
4028
-2965
5298
3323
-3871
4113
-717
1153
1869
-1760
1875
-3522
3952
-21
-4477
2419
-630
-2022
2481
256
-2009
2400
3505
-2957
1047
4124
-3663
-92
-1135
-2502
2657
-1866
-3368
1712
-2313
-1309
-2230
-2619
1366
-1929
-2990
-180
-1108
-5041
-3006
3119
-1776
1418
1905
-5282
4082
-248
-2001
6751
-908
-4291
3804
-411
-75
2914
654
-1526
-16
3997
-7300
1011
9969
-6182
1904
6608
-5398
1992
1633
-352
-3
-284
4546
-2153
356
4145
-2088
283
-2058
-3660
3792
-2333
135
4232
-1787
-2151
1791
-227
-2648
2963
-2986
-657
5768
-2523
-6474
3948
-2027
-4492
6717
-5124
-2103
8091
-7429
262
8086
-11215
114
7363
-4234
3979
6048
-3483
-2100
1669
2333
-2714
107
5534
-5795
442
7167
-3351
1697
5420
-4538
-3816
6497
-8889
-3428
10485
-11355
10463
2666
-11511
14579
-7877
-2920
9500
-6638
5242
1440
-5045
3443
-1657
-3916
-2709
-276
-3716
-1080
1574
-7935
-2910
1595
-6708
-1730
7622
-3975
-5641
13102
-376
-8899
11837
1511
-7357
8876
2036
-3486
6387
584
-486
-612
2313
2573
-3084
5760
326
-1489
2134
-4899
3601
25
-2409
3275
2015
1349
-739
2200
552
245
-455
1432
-2442
-3989
5702
-1952
-2100
3455
-2762
25
182
-1928
2544
127
-3410
4883
-2981
-2937
6871
-2528
-3411
5308
-4072
-5447
7500
-5772
-1337
5254
-6194
-1016
3274
-1823
-569
323
1758
-2261
2205
4139
-9070
3008
4336
-7066
2978
5088
-5426
3710
4503
-10700
3357
6035
-8651
3441
2633
-5897
-8
72
-1708
-896
147
-1550
-5063
2027
2570
-5649
2097
1877
-4452
5074
2166
-8022
4547
5035
-4971
1821
1960
-1400
2438
1732
-1722
1102
-675
1414
2863
-3046
6246
1211
-4013
6552
-314
-5288
3568
2632
-2883
3663
-2178
-3389
6122
-2085
-2012
3113
-738
-5565
3256
-1340
-4907
4702
-8429
-2944
7972
-5639
-4058
4466
-2979
917
-252
-5057
-1800
1902
-35
-706
4427
-1519
-5951
2156
-361
-5700
8632
-1694
-4434
4343
-4774
-4864
5599
3973
-9836
6561
5377
-10238
3477
5257
-8391
2545
11392
-8503
-354
12148
-3824
-6716
10291
44
-7973
10532
-3563
-5591
10802
-5906
-2500
7228
-2606
-1324
2928
-1488
-164
2134
-2781
-21
1111
535
-1640
6844
-1663
-2248
4539
-2422
-2699
1346
730
-8972
6836
-1161
-9113
5635
-2209
-5769
4006
-519
-4117
2855
663
-4673
2634
3122
-8172
5999
2563
-5345
6208
-849
-3907
2617
2626
-3874
-65
2808
-2770
2600
1125
-2450
2192
1624
1147
349
315
-163
-1138
584
-1732
240
2638
1028
-768
725
2174
-3217
2275
-429
-5179
3835
95
-2315
-1636
83
2586
-5869
1948
6494
-7003
1789
3214
-4473
44
833
-452
-3432
2522
4165
-8329
1782
4565
-6335
5304
834
-2693
2307
393
-1029
66
2621
-3388
-65
5913
390
-4838
4310
3839
-5170
1732
311
-3851
2048
-476
-2411
-679
1641
-1249
-3121
405
322
2276
-1575
-9
958
-784
281
3062
-1994
-1204
6061
-4703
1255
926
-652
4865
-3561
1283
-315
-2034
7088
-1384
-2945
3515
-1994
2745
1546
-1348
1227
1939
-2630
1679
4114
-5813
4611
2620
-6242
3155
1594
-4824
3992
-433
-228
298
-2086
3519
-2986
-3508
1981
-76
-6581
3739
2957
-7755
3726
1648
-3700
2999
-4086
-2173
2681
-1833
23
1000
285
-4029
-1686
7273
-5430
-2151
9504
-5487
-4070
5375
-5119
-2271
4810
-4761
-401
5662
-2102
-3871
4041
-2244
-2316
5822
-488
-2099
3878
-1335
1503
3970
-1374
-1350
-409
4409
-3211
-792
2937
-2061
-836
1929
-2704
1124
4902
-8044
2964
2505
-7151
6765
-6
-6147
6214
1196
-7146
6005
2727
-6397
3747
2357
-4819
837
2147
-2697
2475
-3031
850
2282
-2623
273
302
-3544
-556
6287
-6677
4280
2669
-4545
-160
-388
1584
-3101
3456
-1999
-251
3959
-3808
-3018
1704
-1282
-2367
4173
1339
-4007
571
285
-4045
2221
-1985
-4956
2179
-1214
-974
1839
-580
-4090
1930
-2580
-7344
5071
-562
-3240
3454
-1727
-1237
4556
-932
3184
-1618
-1980
7920
-3574
904
3293
-5767
4180
34
-4814
5828
-1725
-5953
3332
-2775
-6196
6788
-1734
-4368
2584
395
1535
3354
72
-2371
5140
51
-2640
610
1848
-2406
-1541
4289
-7103
878
4875
-6759
342
-3686
-3529
2507
-138
-1893
-2109
7
312
391
-1132
3162
-1240
-1995
3552
921
-1546
1611
2412
-4846
4090
4549
-9551
6039
5429
-8965
5721
4733
-8162
4842
8015
-8227
7046
10464
-8304
2090
8661
-7138
3574
4288
-6186
1867
450
1743
-1182
2303
4548
-4502
868
6807
-5654
839
5040
-4034
2409
215
-2011
3219
-2442
-4352
8379
-4253
-8431
9990
-5074
-4160
10399
-6594
-3773
8171
-5064
-4193
3863
-3786
-93
2957
-2983
-2835
-597
718
-7062
-1914
8087
-2812
1955
3467
-6935
1409
2922
-3083
657
3408
-2310
2595
2273
-6162
11
5747
-6090
662
6954
-9547
663
6299
-5072
-3253
7969
-1920
-154
4627
-1481
3715
-1416
2482
5735
-4060
759
5577
-3246
949
3372
-3192
-2052
6858
-2400
-4267
6556
2287
-4517
-55
5136
-2309
1349
4794
442
2046
1589
-777
-215
366
379
-2981
4174
-2288
-4073
4649
-2172
-2313
3707
-1790
-6445
4406
-1900
-4096
1134
1766
-2362
-586
3086
-2667
-497
106
-5758
-406
276
-7919
5850
1166
-6025
3224
-150
-5627
2883
-1262
-8556
1436
-2316
-2442
-884
524
-1369
-3647
1923
1366
-3896
-5594
6585
-802
-8068
8316
-2837
-6764
6166
-2996
-2102
-236
529
3511
-5198
124
3044
-3661
3942
870
-5675
9549
-3009
-3675
11328
-4367
-2009
7013
2277
-4003
5078
2267
-6538
4793
1832
-4045
5385
1511
-3618
3696
423
-4288
1905
-1930
-2923
4324
-5088
1668
3567
-4781
-2373
4953
-4470
-7477
3994
-3899
-4081
377
-2757
-3543
1913
-6186
-4185
-372
-659
-1224
1200
-625
-2264
8624
-3151
-1964
9970
-575
-3407
8610
-3145
-2835
7577
-2947
-143
8052
-767
-4247
4989
3529
-1894
1144
3456
-1701
2546
5670
-6623
2458
6495
-7651
10784
671
-8496
8616
-722
-3690
1922
2619
-2209
3340
2123
-6162
2877
3305
-5817
1526
1214
-4109
1229
5865
-7820
-339
11523
-11399
3107
6048
-8509
3328
3577
-6149
-1085
4833
-5480
-1743
4415
-326
-3542
-214
-2328
-71
3573
-5756
4890
710
-2723
4899
-2724
467
6013
782
1139
3814
2327
877
-4025
8228
-995
-4195
5302
-4560
2047
1977
-8018
2580
3502
-7149
4144
2837
-4405
859
707
-559
-74
2969
-598
-3356
7394
1053
-5744
2186
1356
-3633
1219
4776
-5998
1906
2894
-4473
5227
-2443
-714
6981
-5597
2328
7894
-4349
1990
2618
-1055
3088
-1504
2830
3246
-5524
926
488
-1518
1843
-1765
-4486
-4296
-2555
-1661
-5190
2895
3570
-3055
1972
-864
471
-260
5278
-1883
-4150
5043
-1531
146
3999
-363
-5609
7556
1130
-10604
575
-2386
-3873
-1462
-2169
-309
-950
1244
-7426
-1831
8026
-5599
-2386
6514
-3752
-2485
4998
-3400
-477
-1583
-302
1577
-4829
4523
-2008
-3682
4107
-3480
-2936
69
4184
-4446
-3215
7908
-5619
-1186
5057
-5966
-2266
3749
-5039
-3312
1205
-2384
-6808
374
-993
-6730
5480
-594
-5805
4220
4072
-8263
788
8543
-3037
-405
11649
-691
-2735
6440
-889
-1667
3975
2897
-4533
8085
1220
-2863
5658
-3999
-2601
5121
795
-2563
3828
-74
636
4085
1307
1769
1008
3701
859
-662
-645
2268
4953
-5053
1592
6155
-2388
-1635
5635
-2532
-6242
3939
-2963
-8628
1037
1168
-6402
4661
3278
-8823
6224
1760
-11095
7020
-1748
-8108
7164
-1615
-5663
6166
1414
-8065
4426
1976
-7485
1019
2314
-5919
838
1848
-10237
5670
737
-7269
8862
-3719
-456
8537
-2082
-1310
-464
3466
-1316
2210
3993
-9769
5675
867
-11432
4979
-282
-3849
322
-1702
-73
1366
-304
-426
1844
-2455
215
3248
-336
-3031
4684
-7
-5083
5222
248
-1952
1774
217
1748
-2814
3295
616
-6634
5930
-930
-22
1422
417
786
980
-525
104
3909
-1705
5497
-3238
731
3339
-8403
4180
848
-6188
3759
-1005
-4683
2860
932
-3846
1092
6530
-3407
1019
6810
26
3029
2755
198
-740
2154
-279
-3828
4004
1140
-4832
239
-2704
-1401
2560
476
-2376
-1807
3325
-1022
-382
4302
-440
546
4673
554
1003
2348
-1295
924
-3881
-4364
3157
-5061
-1455
-8
-6148
-471
571
-1491
-4177
830
-1133
-2722
993
-2124
118
-101
543
-1508
-829
615
-2301
288
460
-3566
-1033
278
-6644
4172
3851
-4899
-128
-1177
-1087
-1651
-4643
6041
-42
-7072
8275
-1989
-4380
8704
2563
-6521
8004
4989
-10966
6185
2592
-6882
5915
3791
-5133
3327
7799
-7978
684
7220
-4599
5166
153
745
5859
-3349
1527
3967
135
1478
3290
-4555
1639
-347
-3353
2705
-862
22
-2910
2016
-2125
-2541
3935
-3117
-3997
2660
1519
-1510
-1097
636
1788
-726
2622
-4579
-996
3289
-3536
-2770
218
2033
-1855
2884
-4271
-3219
5457
-1463
-2755
2251
-926
-3695
272
-721
-625
511
2767
303
-3849
463
259
-4532
2250
3848
-3057
-2040
7210
-1734
-2738
8231
-260
-1574
4050
-2630
-3225
4128
-4851
-2212
3513
-8634
-2266
5555
-5957
1005
-2011
-5084
-90
-2491
-81
-2947
2741
-1001
-2557
3079
-1034
-2647
943
1734
-1404
7
1195
-1128
-2335
1350
5232
-1258
-972
6803
1392
-5369
5036
3216
-6492
5554
-1021
-6536
7352
-725
-3634
2689
1460
-5105
-2983
9124
-3762
-1601
3770
-2860
2811
-444
1148
5534
-2032
2028
3775
-1833
1675
1706
736
-159
1854
-455
-1196
-1329
-2683
2239
372
-1468
5371
-1147
-3303
2505
3863
-2977
-5236
6123
-408
-4497
5874
-2194
-5767
4851
-4216
-4367
5374
-2243
-5053
902
-1399
-1924
-2931
4999
-2671
1180
8031
-5070
5883
3538
-5383
5226
3162
-3822
2767
-1675
13
-2676
643
5258
-9566
4565
1967
-8933
11780
-6672
-7680
10005
-2983
-4609
5526
-1882
-6264
4742
637
-975
-46
1431
-1996
2529
1778
-2556
3745
2819
-2735
1120
1444
-4899
6367
4439
-7121
2848
5130
-3943
3595
3348
-6498
1871
6585
-5172
90
3012
-1459
-165
2781
142
-2419
5450
1588
-2110
-475
1065
-1279
2464
662
-3296
1990
1631
-3946
-176
4127
-7061
3426
5546
-6224
2355
2655
-1703
-2397
693
2536
-2858
2310
4871
-3412
-2671
2177
-2411
177
1858
-744
1653
-526
1993
251
-4838
2188
-591
997
2350
-6952
5629
-729
-2154
2327
-4830
837
-225
2727
-1193
-443
2500
-4562
966
1916
-4837
2788
-1147
-2894
4767
-4172
2256
1762
-5485
1897
-1079
-4323
2863
2609
-6000
-3597
4836
-3322
-5567
6265
-2845
-2904
6821
-3570
-5130
6482
-5158
-3265
6606
-3877
2664
1272
-2892
567
61
-1175
1771
434
-1251
-756
-1634
1024
-1667
-1289
-1693
1482
-2322
-2644
1174
-2803
-1201
5562
-1837
-1913
6060
548
-1685
312
6006
-6265
76
8938
-6385
-439
3783
-7415
1059
1464
-4209
2172
-2475
-3100
-1559
-975
-1213
-1930
-88
-166
2321
-500
-5561
2174
469
-1508
3098
2094
-5075
360
2597
-4439
3892
2909
-2310
-866
1558
1358
1784
2444
1054
-327
3923
-826
375
4181
-1374
1224
828
375
-782
817
1449
-1410
1251
-1249
1049
741
-5884
550
-187
-1755
3382
1750
-3487
-1281
1293
-3071
-2948
3933
-4905
-2197
3504
-2812
-4375
1442
4501
-6724
592
5635
-2600
-2148
5623
-4682
-3934
5099
5261
-8587
3382
7580
-13782
4432
8331
-2466
-4285
6856
-3180
-4090
11232
-2806
-8150
7505
4576
-4403
6330
5415
-7673
5382
8373
-4741
4562
3705
2429
4052
-579
711
7388
816
-3904
5807
-1267
-5286
7765
-3124
-7343
4781
-479
-3023
-51
533
-5881
-150
2967
-6650
1148
2543
-4087
4072
2471
-1563
-565
316
-915
-5512
2331
176
-5290
88
-2566
-1574
1146
-865
-1505
-796
-1274
-1953
1303
-873
635
1540
1878
1259
2543
-1452
-4017
5195
-2980
-5370
3044
1765
-2691
846
-508
-1566
-1120
1949
2521
-5121
3135
500
-2686
6483
-2198
-808
4758
-2092
2181
-228
2721
1457
-1569
2521
-2562
2219
-103
-1561
4636
-5112
-1810
6650
-4136
431
5140
1944
-1378
2717
2097
-4111
1817
1064
-1683
-105
-240
-3853
1397
3053
-3151
1750
-278
-4518
2928
-3532
-3955
3193
-1943
-4433
-984
-4617
-1660
2357
-5287
1384
1176
-8673
218
-871
-6332
-1373
-850
-3451
247
123
-3730
2543
-1727
877
-1551
-1387
2836
-1827
583
3372
-3459
-345
7837
-4943
3162
2302
-6879
5969
1871
-5114
2198
3239
-2491
3851
5925
-8357
819
6957
-6442
814
2702
-2133
1173
2917
4205
-1650
1783
2548
-1499
3854
1694
-1003
-1711
2585
791
597
2371
-1403
4314
-3709
-2780
6645
-861
-1956
878
909
-5966
-755
4065
-6137
-4640
1552
-1305
-2674
1532
-4041
-1877
4869
-1719
-3356
679
-1499
-2154
460
-4085
-4175
5704
1453
-397
5244
-1844
-2685
379
486
646
-33
-887
2770
4047
-5001
4743
5283
-7870
2182
3036
-4264
-284
2914
-3655
-1957
3237
-1234
-1503
3489
-1584
1708
5792
-3667
-1038
2211
1936
586
629
1421
-837
2783
-292
-3484
1399
-652
4536
-3908
-180
4006
-6742
1986
-1919
-1570
-1316
-4672
3496
2849
-2883
567
124
2355
-1747
-717
4665
-3990
4495
1120
-6638
7103
3411
-3819
5567
2348
-1717
4882
-404
-4815
3068
-510
5721
4186
-2108
1826
-71
3913
-1837
2403
1804
-9259
4408
1756
-8677
2179
-1927
-2682
1790
3934
-1514
335
5669
-3798
1932
4704
-3357
-688
2917
-701
2905
1007
-7821
5636
3712
-6290
6303
-4742
-5270
4124
-3631
-3414
3010
-2303
-4332
2969
-2804
-420
-2546
-2915
3473
-5414
-3096
737
988
291
1374
-1335
-3148
3876
-2605
-202
730
49
2992
-1027
1721
-406
-3437
1835
2891
-1710
2570
1511
-6944
3316
285
-6624
2669
2112
-608
-883
-2851
1251
2275
380
144
-1070
6759
-4680
1156
10609
-7069
1322
4707
-1928
2179
-3228
-431
1406
-3959
-1303
5640
4978
-4455
3300
-1938
-2598
7727
-4494
-1682
5727
-6030
-287
3105
940
1385
-4489
-248
-191
-6411
-876
3589
-7009
631
-1252
-6317
7227
-2682
-8308
7014
-1817
-6835
5276
1881
-5660
3580
6955
-7211
1448
4547
-8352
1173
3176
-8599
4513
5874
-3944
4495
260
-3927
2965
1720
-2749
-2671
2356
632
3695
-1618
-5594
793
660
-242
-616
2698
-4791
1878
-482
-2951
2346
-1524
576
2897
289
-2835
2459
-1205
-5901
3483
6315
-7286
4521
3501
-5457
2650
-669
-1194
-1005
-664
-756
-648
-783
108
-2462
264
-161
-826
-1155
-3547
-3257
2449
2215
-2422
1432
-3492
1382
-2039
121
939
-4760
2631
-977
-1862
2137
37
-6054
-590
4568
-872
-392
1142
-3457
2705
2379
-2262
4032
-1357
108
2913
-330
3950
1125
-1913
6283
2381
-4903
378
541
-2173
-1077
4647
-4339
-2486
4518
-1508
3818
3395
1752
3152
3051
3982
1493
-890
-621
4154
662
-2045
6717
-5695
-32
6732
-8289
471
3762
-2027
-3301
-1232
154
-3629
757
-579
-1369
6137
-3577
1277
4168
-5656
5535
3219
-3326
-1425
149
-1275
-1143
4255
916
-5822
805
3710
-5258
4083
-1641
-4386
4317
-3262
2477
2541
-6833
2852
4682
-7347
2913
4301
-2577
5569
-2523
-461
5398
-830
-1866
2908
-283
-2737
5019
650
383
1158
5001
-4839
-2607
8110
-5977
-3096
8308
-3538
-5448
7645
-3111
-7757
7459
-1397
-8243
6999
-1458
-4801
3857
-1251
-401
6326
1284
1794
3925
-227
1379
-526
1892
1347
-1975
16
-4544
1602
1188
-3910
3387
-256
-4631
3130
4720
-8512
1603
4222
-3745
1889
-1744
167
-6344
978
649
-9330
3411
-741
-5352
-4329
1146
-2012
-4822
2325
-4545
505
3176
-4177
2263
-502
-3833
5396
-1802
-6358
3926
234
-2587
2622
1082
-3222
-958
1820
-1868
-1606
3109
-1516
-3351
1215
-3393
1594
-2695
-2162
4875
243
-2884
2715
189
-5574
6270
-1251
410
3112
706
-1496
-1115
4037
-2700
-251
4994
129
-3646
-407
-1877
-1997
-1152
-1035
2259
2490
-4463
3055
-1997
-3246
8132
-1060
-2062
4808
1017
-376
2452
-2302
3529
6457
-2356
1177
3155
-6484
4220
3632
-9456
4885
2315
-8959
3487
89
-3617
1734
-452
-2109
526
-89
-2648
1789
2597
-150
660
-1165
-3614
6719
602
-1441
2015
-418
-2664
710
1673
-8085
3593
3764
-5956
5596
-1671
-4521
3472
-1997
3548
-1556
2077
3014
879
-4125
664
3837
-7569
7361
5565
-4711
-670
1260
-2818
2191
-1969
263
3625
-6691
1200
2295
-4072
-2570
1463
951
-1244
-2315
43
-2367
-492
1539
-3840
835
249
-53
-1579
-214
1172
-2195
3212
3603
-1785
1976
1203
-574
-765
-2423
4375
-3354
-2145
2128
-3004
-18
1446
-822
-3774
1374
-319
-4859
7237
1482
-1696
6230
-2798
2428
3713
-428
6425
3665
-877
859
3238
-2090
-2556
3655
-2497
2764
-630
-2890
1590
-748
2660
-236
1475
2526
-2643
-1953
3041
-1713
449
1139
-2446
-42
473
-387
522
-4759
651
-897
-2741
5531
-3958
1175
2579
-632
-1600
481
2875
-1174
1036
-1481
2
590
-1502
6140
-3382
-4106
4207
-3460
-1310
3909
2139
-5750
3949
-845
-4603
6953
-2370
-1277
-1597
-2156
1612
-1230
2245
3629
-3804
613
-384
-5241
3894
1874
735
86
-1380
6941
-5643
-270
10120
-9629
-1828
7996
-3181
-6507
7893
334
-6653
5120
684
-2192
2674
2640
-2765
-3190
3539
-3919
-739
7241
-3234
1678
-263
2587
2099
-4759
707
2401
-4477
-651
4630
-5605
373
3878
-4349
750
3378
-1551
-1990
-2135
1472
-3023
-1202
4131
-2611
-1687
841
3303
1348
-4229
1631
-1148
-5636
5029
2516
-4771
3006
2506
-2696
2113
6018
-2313
-1111
5093
-1541
-1360
-2622
1526
4275
170
-233
-2506
-1031
1279
-4946
-2956
-1062
-2502
2313
-3160
-3045
4910
-5758
-4104
7553
-5371
2545
4894
661
-1263
-2861
2362
-4967
866
-450
-331
754
-5120
31
-162
-2599
1099
-2980
-4352
2837
1109
-5532
-1232
-1244
-3198
250
-2689
2257
-1374
2132
169
-6245
8208
369
844
6441
-3418
598
2133
-434
1136
1438
-1503
1429
5281
-3457
-647
1846
-3390
-1160
4642
2864
-5838
4235
2659
-6527
2133
5658
-7379
2121
8993
-8734
2635
3643
-3627
941
-1355
4624
1979
-6449
7252
-1080
-6893
3203
-1966
-344
-750
3373
1319
-6271
3367
2264
-8870
5183
1956
-6402
7876
1218
-6746
3839
-1127
-6829
5830
-3412
-3967
5849
-5529
-912
2043
-3317
695
-4108
-800
1530
-2728
-571
-336
-545
-1158
2230
1209
1347
866
-50
-2549
-2848
2071
-499
-1904
1065
2468
-4274
-1281
2601
-1241
-689
3176
-1707
2452
5961
-6239
3072
3322
-2298
2001
3472
-1623
-2388
3391
1348
2058
-3711
1805
4756
-2536
-53
-29
1720
1092
504
2357
739
4034
498
-3347
2841
-1879
-4404
-616
2714
-1012
-2265
1968
-2822
866
2833
-1108
-602
1492
1803
-1615
-1983
519
-1221
1312
-246
-1564
3972
-1044
-3481
3475
208
-5408
1009
1334
-1565
-4999
2408
624
-3786
9230
-1086
-5445
8610
-1517
-612
8742
-3511
3380
3207
-2553
4896
3070
1608
4053
3404
-2609
4157
2791
-580
3987
-1645
-4808
-2600
6042
-618
-1851
4458
-5768
-3416
4860
-5595
-3341
3977
-6711
-6358
6377
-5612
-4660
9736
-8215
-2338
408
-8446
-1152
4403
-3074
-3503
1137
-5702
-2473
337
1042
-4252
3042
-644
-5374
3780
-5623
1548
-4626
-4561
6366
-5230
680
3810
-5590
335
6258
-4569
-1889
5387
-4198
-5323
7345
349
-1553
7620
-2690
-1812
4790
1490
-3067
-1025
7731
-714
-2682
4385
-2345
1542
-1854
878
1158
-3826
5311
-6530
-1357
3379
-2238
2241
-2073
1013
81
-1930
3772
-2835
-1015
4207
-5054
-312
2499
-2935
-1449
3829
-700
-480
591
-1602
1634
-1157
-2381
-1981
791
-591
3068
-40
-2111
6330
-2434
-1482
6487
-2584
-632
-2909
-935
-1357
-3884
6339
-3388
-216
-729
-927
-1842
-3291
1145
-4214
4206
-272
-2034
1572
-1775
1611
624
-1147
538
2476
-734
-6367
3948
-925
-8576
3066
-1132
-4563
1675
2877
-5233
873
-886
-4122
2008
-1902
-1760
-1794
4752
2443
-1588
1818
4494
-3855
-2713
5402
-2110
375
3961
-2823
-678
3487
2018
989
3213
1710
-3361
5153
-1419
530
4851
-1702
2293
506
-282
3142
2578
-4534
264
4956
2230
1177
1834
1708
-3939
-33
7061
-7959
1169
7566
-11467
4708
4642
-6789
6864
1044
-1701
5631
-2399
1988
3822
-1955
728
3130
-2233
1404
1420
-961
-997
-5760
2746
-1243
-2971
1592
1132
-2964
633
2573
-768
520
-1040
7557
-406
-1417
7130
-1003
-2883
4098
-1789
-5670
6442
-2639
-4445
4761
-934
-4322
7375
-1167
-3626
6392
-7010
-1996
3712
-401
-4516
3248
-1294
-3055
4215
-4315
-1348
2393
-214
-5829
1271
1089
-6049
777
5079
-4253
-3926
3916
-2967
-168
1637
-3013
1819
689
-4871
1582
-77
-7156
5229
-737
-9360
6974
-1937
-6584
2370
-201
1183
-1009
4819
-740
-4331
5389
-1634
294
5200
-935
-1568
422
226
2630
-3250
-1356
7110
-3171
-875
2890
-1154
2289
-1319
2127
-607
-5577
4193
-671
-1429
568
-1634
-483
-2896
-1055
939
252
-41
5809
-221
-4125
4584
814
-3799
4954
845
-2718
2113
355
-1249
662
2806
-3575
1626
-22
-2650
141
-1530
1607
-799
-2490
2212
4507
-1481
-258
4623
-4880
-5255
6968
-2537
-6217
7405
-240
-6580
6785
-735
-8782
2510
-2648
-3038
-388
-1354
-3247
-2479
3564
-2536
-457
-348
-2696
2645
1367
-1792
2003
-728
-5013
4520
1641
-7669
9897
-5
-7180
10690
-7107
-2280
13197
-7565
-5056
14622
-7166
-5270
11280
-6034
-3289
8746
371
-1977
2912
2335
423
3143
5914
-3336
2594
6166
-3691
2357
2676
-5551
932
-127
-1035
421
-1650
4286
-1000
-162
3339
2299
-929
366
968
-2091
2171
-1182
1978
-4057
1172
3060
-7860
3324
1845
-2194
-922
2344
-1959
-1526
4379
-4613
-824
6851
-2361
-3242
-12
-197
-2040
-3489
5104
-1417
-3131
727
-1429
-3466
-2453
1959
-2105
4127
3749
-3157
1401
3346
3420
24
3535
3493
-4342
336
2909
-2898
-334
4237
-2881
-2451
633
-3595
-1140
1927
-6997
-1813
9396
-6748
-706
4941
-7359
2547
3069
-6176
-6218
4528
123
-6003
5062
120
-4605
3422
2303
-6024
-270
4603
-3656
1
2274
-504
2275
610
606
-2156
-6048
-1602
2078
-6412
-1153
4023
-5726
3176
4130
-2133
-1159
1137
2160
-1620
2845
1936
-684
-16
898
3252
-3585
-203
3834
-5405
1839
2249
-491
4640
1148
3780
1949
2399
3149
2243
3458
303
2216
6702
445
-85
6405
621
-1794
3205
-4198
-4160
6302
-4559
-428
4639
15
-5681
156
4225
-4343
3484
301
-1792
-1902
954
1146
-2657
-811
3421
-2023
-6519
3202
661
-6200
2442
1258
-8919
-723
4646
-5484
-4268
6753
-4764
-3550
2239
-6271
-143
4912
-5532
868
4797
-8061
2937
2343
-9361
531
3549
-1298
-2886
178
3611
-5211
414
3605
-3538
1235
1154
1222
469
-1147
4807
-3140
-1348
7846
-6398
-623
3291
-3534
3724
4014
-1115
-1096
3803
-2263
-1880
1705
-881
1593
-2260
-1083
1297
-4255
989
219
-2683
-925
389
2395
-5094
3900
-3009
-8279
6089
-1711
-2070
2478
-3414
-2529
4400
999
-2286
2259
-572
-240
5546
-4510
873
2587
-5354
7236
-1669
-7308
-952
-21
-1437
-1110
-562
-1327
1321
-2101
1968
489
1516
2692
-3104
3091
-15
-2249
4124
508
-1422
397
145
-1960
921
1719
-4823
1418
6564
-2996
-651
4079
-5642
-301
2741
-5717
2316
1877
-1688
-1964
-82
2981
-5603
-231
5288
-2728
-5506
5834
-814
-3845
5996
4345
-2488
-287
9197
-7420
1302
6913
-6748
1833
2359
-3714
-1165
3283
-354
-4765
2769
-490
-5405
7494
-1217
-4681
4023
1288
-2988
453
2558
-996
4511
-3185
-1768
3692
-4583
169
1394
-4756
-610
2617
-5291
-722
4330
-2699
1991
4898
-2442
3526
4915
-4457
4641
6168
-5919
3603
3628
-1401
-371
2995
1726
-8187
8405
-1534
-6188
9297
-4921
349
7326
-7512
3126
2504
-5270
7211
-4165
-882
5444
-2444
-2561
111
482
-234
2255
-1816
-1944
-4506
2186
-8
-3804
6913
1151
190
-1843
1903
1451
-2707
1965
278
-2654
210
4369
-4808
908
3371
-88
-769
577
1961
-6044
3122
3441
-5755
521
2139
-4201
4676
-726
-3129
7169
-2643
3284
-1352
-4861
4180
-2899
1017
3935
-2726
-880
4618
-1926
-512
2019
-4195
579
-1978
-5639
3405
-3358
-11038
5805
863
-7643
8395
-1103
-5933
3208
-491
-1642
-1278
3268
-2065
-3894
3910
681
-1402
2433
-2236
-2560
5718
-2195
-2321
4672
-6775
-643
7061
-2936
5103
-254
266
3749
-2989
1941
-2158
2160
-523
-143
1629
-2403
-444
489
1955
-1638
675
1689
-4216
2161
2282
-3372
2236
3412
244
-2399
3204
101
-3466
1807
-2253
-1386
2180
-1200
-793
-2200
-5005
-2164
-282
-2094
-1098
-1565
-4837
2007
1611
-3776
2878
-993
-3697
2141
1005
209
-2599
4293
6761
-6956
-1262
2608
-5040
784
198
-5639
-1934
1275
-3573
1982
-2687
-2157
1423
-4343
-701
-1740
314
-196
5792
390
-4136
6482
1809
-3448
6845
916
-2871
3329
2818
-3361
-1651
7154
-3792
2223
3290
-1665
51
1398
4812
-3322
688
4558
-4492
-321
3891
-2680
-14
3472
-3372
-390
3289
-3050
-1792
-2866
-3053
-2480
-3104
931
-485
-2390
2813
762
-774
2372
-1286
1262
1340
-1721
2829
285
464
2017
-2847
2924
-1271
-1285
5175
-6575
516
2416
-2425
2750
-729
1762
413
974
3679
-495
-34
6900
1661
797
2994
3666
853
-2347
7358
-5552
-1995
6217
417
20
-316
2994
-788
2188
3411
-1389
-16
1214
228
4136
696
-298
4683
-2523
1152
1264
-5245
3303
1662
-5118
241
5093
-4577
-3305
2619
-2728
-1813
-2786
-1315
-2173
-5379
362
1266
-2769
2997
3961
-5727
528
4064
-3799
-1356
6400
547
-4997
8688
-2800
-5749
5850
-1307
-2793
478
-1072
-2443
1937
-1162
1240
-3513
614
5574
-5865
2577
3995
-5217
2977
1249
-5351
1329
-2319
-1096
1433
-3235
608
1041
-3179
4281
1842
-2827
2489
-2437
2581
1504
-583
4627
-1734
2159
3615
-4818
1773
407
-5899
6171
-2188
-4327
3430
-3151
326
-1074
1742
-2709
-446
5181
-8334
1847
4721
-3121
-359
-1730
-1972
1908
-33
383
-3438
-4108
795
-3531
-1232
-1726
3090
1500
-4382
-290
-798
-6449
2942
2491
-3680
1184
-1270
-1208
-695
555
1294
397
3147
362
1520
7529
-7412
-290
2548
-5285
6187
-450
-1530
4916
-3114
537
2437
-2270
1498
-742
-1779
4062
-1420
-3222
3627
-8100
-528
4758
-5629
-2158
2561
-3541
-2655
-114
-6209
2879
1043
-2419
404
-1666
-725
-1108
-627
-785
-288
-312
-2395
-551
-42
-6043
6360
5734
-9080
4959
1578
-3367
3040
451
-2992
4672
3407
-6214
4249
662
-4628
7046
1940
-162
3466
-1648
1219
-1952
2639
53
-3515
3354
1939
-829
3320
1411
1446
2219
-2279
2676
67
-530
3115
1014
-826
1199
-2270
-1718
-2314
1881
3372
-2624
-209
-1523
-1662
-1895
-2006
-428
2091
1816
-5333
-1033
1397
-7864
-1026
4713
-3283
1318
-71
-6624
5926
1613
-4872
9681
2373
-7969
9053
2053
-5947
7857
3519
-4722
1366
4371
-3063
-2205
3022
376
-4137
5756
-689
-4763
9065
-4438
-3645
4207
-168
2611
-3593
1825
3304
-1506
3102
-1719
-588
456
-2690
251
-3516
562
2552
-6832
2052
1505
-4202
-1339
-1404
443
-5266
1370
3756
-6268
3813
4295
-4009
4619
1892
-1272
413
852
2780
-776
2862
174
-670
2622
1246
-4555
-1132
3789
-6967
1073
2689
-5014
4783
126
-5080
3613
-620
-1879
1628
-1306
-361
2702
-2568
3316
-1799
-4956
7638
-5691
1707
5415
-6259
3448
3108
-4513
2755
-242
-1644
2211
-6936
2030
3710
-10402
5395
3125
-7019
6741
-561
-2888
1477
773
438
-1521
4748
4098
-6302
4627
1670
-4917
3852
2302
-1065
659
632
-2494
914
-2092
528
-1619
-3942
591
3900
-2024
-2684
1984
-3476
2027
2102
-6561
3589
2164
-9034
3526
-893
-3769
9762
-3499
-409
5638
-6140
3893
-1279
-183
4759
-2316
3934
3298
-4163
3241
805
-2840
2083
-1647
3040
399
-1927
3776
-4027
-783
8021
-5680
2849
5363
-3669
2379
5091
-1527
-1052
3262
-1789
2097
-1354
-989
1699
-2669
1753
1301
-5587
-824
1952
-3319
-5210
-1252
-2991
-4877
3571
-2868
-5974
1470
1088
-868
-3534
5916
-1697
-4348
4866
-1942
893
832
4270
1844
-4733
1379
2607
-3776
-825
5328
-8465
-358
10272
-6771
-1450
2952
1634
2732
-788
1745
3550
-2829
3952
3075
-7589
3177
1843
-3428
-2167
1861
-3186
-2358
2130
-1883
-3377
602
7174
-6977
-4348
9786
-7812
-2211
12653
-8769
-2676
9973
-6758
-631
2121
-4760
1850
-4251
-1632
-1483
-7494
-1157
3847
-5722
-1707
6608
-9984
-2166
7973
-8394
-1665
4180
-10620
4583
4198
-5377
2988
-1328
-1883
4336
2609
-3448
3929
-1728
-3581
7129
241
-1590
4617
604
-1733
5443
-382
-2227
2569
230
-662
539
1540
-880
-650
-408
2618
2493
2403
3304
-241
1878
3421
1472
1082
4512
-369
-167
4958
-4905
3422
5073
-2914
4398
-1850
-84
-368
-4200
4808
-4113
-5391
8649
530
-4117
2742
-3659
-1137
-100
-769
435
-2627
2860
-2320
-290
5192
-2551
1105
3066
-3971
2374
1365
-3126
-1148
308
3557
-4964
1045
916
-5927
2135
-1453
-4785
1428
2904
-4711
535
256
-984
884
1759
2549
-3793
2308
-975
1947
91
-1326
3573
-5237
1467
2610
-5479
970
3436
-1885
2520
767
-2988
-453
3849
1025
-2436
1385
652
362
2165
-194
2050
2383
-4082
4953
2435
-5594
1542
3862
-3832
-2852
2729
-1849
-2234
2821
-5158
-6109
4657
-4402
-3890
3610
-2755
-520
2215
-2019
5224
-1830
-1545
6904
-5651
-3968
4300
-819
-3255
1520
-1606
-3069
3083
-1337
-6481
2030
-1986
-3232
402
-469
-2104
3500
4820
-6185
3079
2790
-3665
3797
2696
-3929
1250
2533
-3059
-1173
-977
-1019
1553
1483
-2071
-4959
1219
-1383
-5609
3909
-2780
-2257
4884
-4954
713
5172
-4637
4168
6490
-6021
-2507
3454
-2952
-799
3831
-3141
-2425
4419
1775
-2410
5378
-2141
-5134
3571
-1903
-2034
-2199
-2
1610
2435
3706
-2497
1001
837
156
4831
-1824
2180
5571
-1122
640
-1276
596
-3233
-2635
5876
-7933
2801
593
-7674
6802
821
-1932
3123
257
-5780
3675
-1635
-2121
3159
-2916
469
-1262
400
834
-3812
1160
-3717
-854
3749
-5585
210
1092
-1132
2711
-2757
-6360
2784
-4601
-2943
7208
-2565
-4189
3000
-2919
-1290
3308
-7921
1313
2978
-4573
2354
-748
-1161
6512
1501
-1927
3636
1505
-2637
1444
1699
2913
529
-1331
3645
-2017
418
4155
-3061
4403
-1190
-5597
3869
-5963
3974
5549
-3296
1886
3726
-1378
-1944
5972
-1359
-1426
6506
855
-2175
1930
-1189
1820
4978
-1721
-1407
-1164
-3144
-1702
-1156
-701
-1095
1602
-2543
-1323
4789
-2021
1338
4310
-1606
971
2457
-5761
2814
4421
-7257
2772
4286
195
-2431
3128
3074
-2909
2471
-494
-1456
-2768
2169
1975
-3977
2052
5006
-1986
-2283
3827
2774
-4521
3690
5648
-8649
1352
6060
-5065
-2180
9260
-449
-9121
1502
3626
-4647
-885
5183
-3217
-4277
1905
-629
-4256
3578
503
-4798
3093
4871
-896
-4084
3825
1121
-4362
2517
-55
-1263
-1209
-1293
-718
-5932
3964
-15
-9400
6622
3733
-7230
905
3726
-2279
1265
2811
-721
1818
324
275
1791
-4002
1252
1374
-3519
1219
1771
-1504
-2294
2759
1071
-4348
2145
3732
-6830
-1037
3036
-941
-3527
3419
1586
-1621
7179
-1992
-587
3156
1034
1837
-3079
1076
1396
-4338
1389
5327
-3208
-4462
7876
-1623
-4968
1423
-1013
-3401
-1827
4856
-4726
-1182
4384
-4881
-2215
159
-54
-1654
-1147
961
-3619
-3941
-1747
4436
-4092
-2963
7671
-1626
-4310
6986
-2785
-9475
7191
1497
-4115
-729
3978
-7639
-2541
8573
-4211
-277
1690
-648
285
-647
318
-1660
-2537
5336
2508
-1125
604
7360
560
-4655
6341
-1533
-448
3784
1782
-2248
-1561
401
-465
-4171
-2083
2730
-7682
1672
3339
-5185
-39
1292
980
4
1435
4262
-2208
204
4475
-3120
-2022
4119
-657
-3334
2982
1724
-5900
363
6705
-8764
1510
7391
-7874
645
4759
-1299
315
2122
-766
-390
2811
967
-462
-541
-419
270
1263
-805
1678
-1522
-3054
2667
422
-3457
-1033
6772
-6070
-962
1542
-3100
4279
3057
-107
1004
6081
-4038
1575
2957
-4131
2367
4379
-798
-2065
4741
663
-5518
4586
92
-1486
3949
-7350
948
-2295
-3586
4474
-4288
-1752
-114
-359
-3184
554
1895
-2962
56
-931
-356
1933
2616
252
1417
183
-1224
-1114
-1115
-2020
1074
-1311
-3934
1589
532
165
-3081
2628
3174
-4275
4167
85
-7986
8304
1194
-3111
5123
-1501
56
2687
1804
-2206
-1506
4162
7880
-2116
-4033
5968
2188
-722
2403
-703
-54
4186
-2665
-2350
5258
-893
-318
-1699
-1354
5496
-4995
-2584
3404
1117
-3456
-188
5437
-4431
3159
7790
-7932
1150
6003
-7061
3994
7001
-5271
-988
4442
-3911
-3089
814
-166
-4011
-3967
576
-19
-842
-1201
-940
-2620
-3943
-2267
1609
-4447
-442
3007
-134
-2866
499
2730
-6214
4833
4283
-9583
2965
4814
-6734
1125
3295
-2579
118
1695
-932
-1059
-2027
2437
496
-547
3206
-2108
1104
648
-578
2940
-755
1825
2088
-5576
621
1937
-7294
-642
6375
-3528
-3880
6246
-1190
-4699
2668
1026
664
2455
-750
2104
510
933
2318
-2665
94
3883
-2585
-5362
1774
725
-4827
-2121
3938
-7133
-3071
7937
-6193
-3673
4179
-4347
415
1386
-2012
-520
1601
2958
866
1593
-1977
2218
2665
-4266
2092
593
-3463
5100
359
-3693
987
3198
-2601
-443
5678
-6121
-2262
5449
-5781
-3056
10379
-2424
-4549
7262
-1050
-3557
954
4260
-4959
1050
3467
-2447
1335
-5701
959
-825
-5267
1443
3402
-4093
-3239
5101
-5064
-2625
6760
-3858
-2970
7469
-3341
-3994
8448
-1370
-2827
3097
1502
1760
-4598
793
3178
-7121
2361
1470
-4606
-146
1251
739
431
2938
54
-781
588
4342
-1884
-898
2594
-1503
-1991
2382
419
-5177
2291
413
440
-1612
-224
1938
-9580
2336
5915
-4961
910
972
-3726
2482
4490
-2225
-876
1499
1006
-2639
2572
2251
-1004
-1371
997
4470
-3839
247
1554
-3263
1458
676
-929
-104
-69
4168
-3796
-1925
3653
-3362
1445
6324
-5037
-1976
2347
-2744
-424
-3214
3788
-1757
-6780
2247
2886
-3499
-288
2866
-3751
2928
2199
-2121
3855
5183
4972
-2255
2484
9671
-4522
-19
7134
-5635
-4169
4572
1416
-3231
-3180
1111
-4478
-3297
2068
-1400
-2813
2707
227
-4106
8467
-1883
174
8090
-5329
3814
4126
-5837
8234
210
-7997
8086
-3130
-6118
3499
-895
-6471
-2370
453
-4352
4139
-1781
-2293
1181
-2113
6673
191
245
4192
-1198
-1695
2194
-9
944
734
-919
-2162
-1114
772
-484
-2130
1167
4875
-6247
940
3565
-4576
702
5334
-1021
-3240
2282
863
-545
-942
-1036
2088
-3717
-2696
8050
-1558
-1775
4607
-824
-2113
-619
3110
-1762
-2576
6413
-3952
-4289
9135
-4391
-4297
4643
-929
-481
-1571
2620
-2202
-4048
1904
-1898
-2235
485
208
-3357
-6082
-479
-1162
-9044
2600
3572
-10173
3797
2149
-11108
4304
2269
-5244
-567
2770
597
-2207
1915
1749
-3052
-1182
3971
-644
901
5013
-1840
-3102
979
1313
-154
1741
2263
-2663
-1877
-229
2247
2265
-2825
1329
4393
422
2675
282
-888
3144
-1547
536
2158
-5718
2017
3169
-4203
1259
-3714
-2158
6356
420
-7217
4468
3619
-5486
3639
1466
1487
-2693
-901
3835
-6966
-2673
4832
-2428
-6426
1491
-1991
-2315
4821
-3014
-2967
4474
-3323
-388
914
-341
2192
-651
4887
-2454
1244
-608
-188
1203
-4843
1257
-344
-278
-783
-2458
4648
-2726
-4601
8969
-3998
-3164
5287
-1124
-3083
5114
867
-1868
950
2076
489
1037
-110
15
5641
-5753
2930
-25
-3017
4137
-677
86
167
839
4635
-1763
4215
3681
-3480
8106
-1801
-2634
1736
-3986
1578
5229
-4854
-3562
6465
-2349
-2014
5257
-9336
-1990
7061
-8511
4423
2940
-9903
6773
2527
-6640
5483
2245
-4601
5878
-1365
-1266
4739
-6427
3581
25
-4075
3933
-1577
-3747
3649
774
928
2013
-2487
3209
-3621
1925
47
-4163
4204
-571
-1328
702
4233
1904
-531
265
4116
1638
-1042
2948
-3735
1889
27
-3050
2044
-6247
570
3146
-8759
700
1794
-4312
-51
-1168
-1984
-1523
3675
-2469
-2840
3231
-2962
-21
3062
-3827
3173
574
-4423
3880
-426
-5781
-809
2933
-2925
1020
2918
-1540
1446
1502
-3727
70
3001
-1226
-776
3994
-2243
-2787
6195
1749
-1821
1303
-2362
-1511
4842
-4002
4463
3621
-2286
4512
879
-140
2672
3602
-2339
688
1557
-96
-260
-2576
3276
352
-1958
3750
-2176
-3199
1760
-592
-845
2736
942
-2308
-3603
3291
-1395
-3016
1787
-268
1203
-455
1293
-1762
-1057
-1505
-2417
-1013
-2296
-1759
-3213
-4395
366
-752
-4120
694
-3273
-4392
2935
-2818
1389
2260
-2011
5040
462
-3215
4552
430
-4505
639
-937
-1006
363
2810
-3797
809
1735
-4517
1867
1971
-2496
5498
529
-2799
5307
-2321
4780
3205
-4945
1063
2856
-3358
-193
2662
1474
1676
-189
437
2099
-2021
-4745
2888
-1720
52
-151
-351
1319
-2647
6251
-6196
3945
6431
-13070
7804
-29
-4979
5827
-4257
2840
1378
-5286
1335
171
-3441
-2934
5699
-3667
-9051
8587
-815
-7153
7600
1953
-4367
96
1044
-1842
-3118
7281
-6724
-1673
7656
-9066
545
4141
-2546
-3056
-119
-3817
-522
-613
174
3026
-3211
-3122
-159
4029
-2512
-1083
2495
1246
1968
2942
950
-186
613
4476
251
-2699
9276
-4602
-4187
5964
-3578
-230
2530
475
-2056
-2947
1915
-191
-2425
-618
5296
-962
-88
4923
-5407
3253
-146
-1995
-568
-3407
1914
-3442
-1546
3740
-1712
-1925
2565
-3398
414
2039
-311
2240
-2846
5211
5378
-4601
2770
4467
-4526
862
5421
-3483
528
3996
-2255
1084
1811
-1181
82
-3524
3527
3628
-2827
3371
4583
-1236
-909
7995
-2155
-353
3849
-3539
-1546
-3023
3966
-3244
-2948
2537
-2512
-4120
-2098
653
-2040
1427
1372
-7346
-3261
7664
-3191
-2554
971
3423
-491
-1481
3054
516
-2093
1497
4487
-6207
963
3152
-3364
-1863
7892
-4297
-2210
4054
-3638
5788
-940
-1767
379
-1166
2339
1731
-467
-3432
7660
2437
-6379
7050
-1948
-2278
2408
-396
-1071
471
4818
-2404
223
-959
-1995
1171
-4293
-126
2762
-1680
-2680
3084
538
-5771
5474
4697
-3833
2845
345
-7642
1458
1666
-1500
-2231
2261
4316
-6723
1555
-3466
-6407
1659
745
631
-1780
-866
5955
-3954
-4773
7508
-768
-1979
3091
3435
-7092
2075
6084
-6522
-2325
4362
-1807
-3346
2530
-191
-5391
1119
5580
-5095
1329
6497
-1749
275
3220
-2563
26
-2417
-33
-710
969
-937
2423
2519
-7123
6261
-3615
-3724
4800
-4647
3
7292
-1544
-1068
3015
-540
-1261
2815
1417
-4128
2294
-1915
-4322
-244
-5350
200
1187
-3439
-1980
3569
1797
-4486
1868
204
-3260
1443
306
-2541
-457
-1807
3258
-4520
737
5907
-5308
2554
1024
-2721
-2966
3841
2146
-6822
2559
3750
-5685
-378
4325
-3474
-4423
6735
-577
-3999
5586
999
477
486
1361
1852
-1100
101
5008
-3640
-1838
5713
-3789
-1119
3894
589
-3215
3683
-1057
-493
2736
-1886
2296
-2744
-1053
2103
3821
-3640
-124
3205
-6219
2039
3073
-4262
-2420
3491
-2433
-5086
-1733
3139
-1405
-3404
6412
-3744
-4153
3267
-446
-3074
1696
-438
-3936
5625
-3072
-1614
1357
-2864
2196
-4398
-166
-151
1027
-1196
-811
6134
-2402
-1730
8046
-3879
-3764
7450
-5626
4742
5822
-432
2374
1693
-644
3194
4328
-3935
6985
1216
-5576
5235
655
-2479
925
3905
-1022
-1637
6163
-3035
-3827
1862
829
350
4298
84
650
1795
253
1657
-2391
1716
1384
202
-5209
2899
-684
-10364
7815
-3539
-9565
7078
-3412
-4064
6242
-3581
1289
93
-4843
5259
-3225
-1352
4349
-2691
176
393
-2336
2577
644
128
1329
-282
2958
3413
-1596
257
2000
-2813
-2180
3807
-1018
-1898
6468
-2273
2051
2048
-4765
-107
543
1443
1068
-571
559
1136
4567
-398
-4085
7918
-1772
-2645
7797
-4625
-3441
7140
88
-3278
675
2117
-2437
1224
461
-5522
522
113
-5180
160
219
-3816
776
-3961
-4186
1822
-1331
-5082
3559
-3782
-963
3294
-8232
1138
168
-757
1112
-3241
3285
-2366
-3215
1286
-2081
2429
-1210
2872
1063
-895
4213
-1569
-2738
788
-1180
-2864
1967
-3071
-2649
1118
1807
246
251
650
-379
3981
-818
1286
1304
-2162
3621
4790
-2110
-1427
-183
1144
1036
-1115
6023
-3528
-1122
1597
-5071
466
26
-2850
-3427
479
-4632
-1399
5277
-5107
-950
3644
-7414
-1966
4889
-6365
-2592
3580
-5806
190
6117
-4361
1759
4913
-5506
1305
3188
-4081
644
2595
-467
-742
-1697
1515
-2000
-192
-716
-3466
-226
-5501
1706
857
-2607
1925
1863
987
-967
7671
838
-4885
8799
-1661
-1934
7182
-3174
-221
3066
1260
-2554
-636
5196
-4869
3801
5040
-6189
5248
2719
-3542
4648
697
-1805
5694
582
-274
-964
-460
-291
-1598
-1589
-2287
2526
-6272
-1817
-1952
-4396
1356
-1676
46
3148
3851
-832
2442
-1547
3270
2265
-4642
3929
-222
-3898
4182
-432
-6033
4233
-2093
-435
1540
-919
630
-5352
-543
3813
207
1225
6716
-3635
-5089
7510
-3611
-3915
5065
-303
746
-959
3655
-1436
-474
7838
-2549
3573
2155
-3636
5116
-370
-3314
3905
-22
-824
2093
-6211
-2799
3813
-4127
-3721
2978
-6617
-3114
4414
-7216
1919
1301
-5138
2865
-3694
2137
2720
-6960
6523
1166
-7414
6326
903
-7360
4707
-122
-5840
6416
-2051
-4379
6410
-252
-2159
4190
448
-1276
3196
2701
-3655
2473
6403
-3374
3970
5615
-8221
2984
6332
-5659
3098
4657
-2789
-1318
1720
235
172
-602
-329
-430
-716
-1449
-1527
2427
-5383
843
3978
-11345
1531
4078
-7237
1223
1545
-4932
-6166
6025
-1868
-7752
5627
-2562
-2309
-2550
-508
1948
-3362
417
144
-1184
747
3233
-2165
613
2700
-4975
789
-668
-3886
4518
-1297
-3470
3030
-525
-4351
4517
4736
-5912
5861
-3
-2188
4354
-2897
3222
441
883
1472
-1300
-867
-262
890
1128
308
1693
2892
1517
1773
1018
1176
-1120
4012
-1417
-3234
4211
-1505
-561
3179
-2934
-450
1987
-1838
-1311
-1486
2467
-2049
-433
-1069
300
1096
1413
6120
-8351
2565
4235
-9025
3334
3471
-5157
-2480
921
66
-4541
-766
782
-3034
1169
645
-406
-2503
1085
-199
-1332
1398
-145
-1729
-910
2794
-2301
1410
-2449
-3555
5112
920
-2923
-661
2040
-2085
2298
1376
-3196
5224
597
-934
4311
-1137
825
-527
1830
1373
-1482
3959
345
1899
-436
-2388
798
2446
-2686
183
-92
-2807
4487
1580
2967
86
-2527
490
1756
1399
2167
-2690
-3478
-235
-2172
-81
-788
-3271
-677
1201
-4193
552
-2653
-5134
6630
-3609
-3282
6107
-1276
-2472
4688
2288
-2589
435
2729
2116
-3387
1728
1105
-3001
1619
71
-1751
-1646
-1654
1365
-6599
301
3807
-8128
1800
3006
-556
-1851
7159
4230
-2858
1766
650
4376
-1379
4968
2777
-7380
10394
3156
-7012
118
-79
-3365
-2409
3591
-1477
-4018
2389
676
-6311
5116
275
-5670
4502
-2099
-2713
2860
-6252
-2116
4407
-3569
-537
4333
-2602
-1671
6308
-2341
1665
1866
-2959
2342
1747
-438
-1321
5782
2426
-5671
3682
163
-1730
2778
-3511
3414
1332
-2696
6488
402
-898
4357
-3201
2518
1350
940
2764
-5794
4525
2290
-7261
5697
-1123
-10781
4002
-1043
-7564
3620
874
-5366
2913
2316
-4794
955
-130
-553
682
2444
1058
-4169
5621
-471
-3305
4955
-3104
-1156
3044
-4839
4784
1851
-6317
7230
800
-8395
6218
3084
-5410
7171
2381
-6234
-1882
1315
-267
192
1991
775
-2022
-516
-514
2269
-86
-2805
5819
-4026
-3920
8478
-3698
-4424
2789
-1165
-993
437
2026
-4744
-4004
688
1321
-1967
114
4708
-3222
-92
3750
-3078
-3752
1119
2730
2293
116
-1493
787
-4168
762
2965
-8482
552
3309
-5037
628
-292
-2038
4276
-1581
-20
239
-5212
803
2987
-3088
2358
6454
-4463
1499
6052
-5225
-3178
1612
-517
1458
-2353
370
2255
-1667
-803
-743
-70
771
-2275
-855
2988
-1975
2485
2473
-2482
4802
-2355
-2302
6840
1946
-1995
1767
3195
-6636
817
3195
-3309
1892
715
-729
60
-1255
2508
-2756
159
3392
-1884
4006
-2137
-153
2385
-3427
237
5989
-4978
-534
3264
-5898
3748
-1404
-872
-911
-4330
1492
-366
842
2034
-3160
442
1949
-3812
3726
-845
-3730
2327
-2170
-3613
917
1799
-4835
2315
-639
-4562
5790
-3346
-4220
2159
400
-4053
872
2961
-4325
1247
-244
-2137
2090
1643
2822
1232
-4542
4609
2216
-5430
5007
5571
-139
489
4297
2125
-2011
3597
5234
-4915
721
2647
-5939
36
6024
-3773
-4091
4639
-1648
-985
3617
-1371
2416
2921
-5406
4009
-205
-895
5151
-2269
-2976
-577
3201
-6509
-2396
335
-3930
550
-3672
-3648
1000
2071
-2202
-5147
1536
1158
-4780
1873
-1811
-46
2399
-2966
4617
-2922
-3185
6124
-2354
2702
1629
1
5342
-1936
6471
-461
-1109
8771
929
-204
1836
1597
-1287
2247
1056
-3062
1324
3941
-5052
196
-755
-2300
3466
-2577
2995
891
-3237
-403
2647
-631
-3302
5425
-784
-5818
4566
-2396
-4223
1770
-3431
-1283
-725
-6755
3130
1717
-8164
4490
-589
-6067
192
552
-58
-747
5092
-2908
-1402
4081
-1845
-1227
5377
449
-1474
4416
-693
-861
-2721
2342
2079
-1978
1716
4208
-1988
-2321
821
-1560
-3387
2440
5833
-5062
1021
3762
-1757
1106
2481
1710
-3430
247
609
-7048
-3786
495
-2144
-2205
3542
-1027
-6199
1204
2282
-4007
1
83
526
-4193
1041
2612
-7736
1422
1066
186
-2859
-1589
1822
-1419
2829
3115
1136
897
5862
2773
-5175
2592
2295
-361
3584
4209
2037
-3899
-520
1887
-720
-4893
2521
1597
-6655
2687
2437
-3402
2997
3387
-6678
891
-664
303
2981
-3531
4657
-1
-8826
6001
777
-13329
5989
-3247
-7119
3195
-4034
2154
-3601
-1409
-662
-6450
5818
-5352
-6467
3670
-5219
-1600
4570
-4230
1790
5289
-7637
4702
2218
-10568
10270
4703
-9790
8245
3528
-7008
9184
3235
-3888
9265
-5752
1152
6474
-4408
6191
-904
-2274
2913
5817
-973
-3237
7665
-503
-5587
4397
-775
-5824
6463
2993
-5063
-189
3071
-1795
1122
171
-312
343
-11
776
-1230
4044
-2132
5038
1438
-3225
2075
2409
1057
-4855
5017
-452
-4568
5106
-2873
-2274
5737
-3522
-3518
-426
443
-4646
-1575
2471
-4505
-99
5716
-3820
-3954
5947
-1857
-1150
226
1264
1585
410
2283
-2170
-19
2373
-3644
-978
-5945
1494
4580
-7880
2889
2995
-3308
348
3555
-3309
-3953
4216
1699
-2860
5695
944
-3444
5741
875
335
1424
58
2870
1362
1186
2615
-1134
2808
4186
2770
-1239
-1345
6201
-4353
3671
9359
-6489
3203
6073
-8489
2162
2998
-6123
6280
1945
-4517
3671
-2569
-2680
580
-4344
-1555
-5371
-471
-3115
-3337
1927
-6020
43
709
-4360
-3221
-4235
-3064
-4677
-1836
2577
-4569
-4233
9
1522
-4550
104
1613
-5042
5046
1656
-4546
611
1874
1007
891
-1359
2618
-1058
-2451
4821
-588
-707
3778
-2029
546
3530
-1906
3160
1780
-138
2845
5600
-3078
1484
6572
-4920
8825
3156
-1495
5114
-4914
710
3251
-6304
513
2867
-8226
-1821
2897
-8134
-1567
2643
-7894
-456
2530
-4323
-83
2484
-4068
868
1823
-4857
2771
-2812
-2372
3109
-4843
-207
-3214
1042
-2736
-3142
8252
-3734
-555
4397
-1738
1931
3375
-3485
3377
331
-1110
1650
-4968
3876
5755
-1914
614
4145
-1594
-1281
4095
1942
-1292
4902
5129
-3325
4205
814
-6326
5280
-700
-1640
53
624
-2405
-3739
6600
-2537
-2182
5083
-5016
-2190
2209
-8215
756
3190
-1452
-591
-2474
1121
-337
-5666
260
-1116
-4704
-11
-3672
1256
-1757
-1988
1848
2776
-1159
-2009
267
-1523
3450
-516
799
3142
1386
-1140
3591
667
-966
990
1359
3951
-4994
1600
5301
-582
2547
-1193
-4105
4884
-2661
-1442
3005
-1258
3579
32
234
-1568
1303
1172
-6690
3396
744
-3154
7732
-1349
-655
7482
-54
-2444
1248
-1506
-1277
2766
-2128
-16
2869
-2162
107
-2566
-2769
-2801
-2414
3244
-2649
-1738
425
1640
1239
-871
2402
-658
-3333
1892
-2217
-4509
2334
-516
-2826
-1373
-1342
1080
-491
-3723
6420
3818
-2782
1921
-582
-697
-681
989
1952
-6851
2730
1732
-10836
11562
1297
-10172
10357
-1233
-2246
4892
-2372
7214
-3084
2061
9725
-6641
6287
2124
-2620
5078
117
823
4999
-1667
-544
3150
537
3185
320
-3518
73
3610
-1437
-957
3484
1837
-2509
1823
-2830
-2992
3226
-2541
-2747
-634
765
-3499
-1302
244
-2533
-1174
-2373
-1860
-2476
-455
776
828
867
-1174
-862
-498
-833
-2631
-4166
2344
-647
-3262
1716
-4339
3899
-912
-4955
4203
-3837
-723
3403
-1081
1358
-318
3217
2732
-2811
6309
-1095
990
3680
-1550
1211
1348
3427
-885
1819
-682
1715
-310
-4085
1581
-4885
-1412
1401
-1395
-522
147
-23
-5295
-1120
1690
-1706
-1563
-2122
334
-2743
1772
1784
-2633
-1851
-462
-98
-4058
1752
-3314
-3257
1390
-5923
-268
-300
-3319
3068
-3331
-441
3049
-3432
3337
-247
-3906
3203
801
2092
338
-45
1286
2123
-955
-1466
1846
353
3971
584
825
-3966
2168
-112
-510
6705
-2855
1760
2725
-3255
3109
2556
-2692
6913
-2389
-95
6686
-8678
-1809
6085
-3842
2797
2529
-3572
631
2452
-3464
-1728
3285
-6166
646
-485
1228
-2349
1039
5119
-9412
1313
4806
-5817
-2882
4416
-1906
-5381
3241
1313
-6068
1196
1132
-2139
3516
1484
-230
-3784
2397
2355
-3796
4949
2640
537
983
2176
-4162
1861
444
-5504
6349
-8266
736
4427
-10967
5357
2821
-6462
1493
646
-419
-852
3795
2334
1386
3271
-1655
2735
1309
-692
2691
-537
-2995
1388
1879
-4082
-1178
4554
-6410
-485
7358
-3512
1648
1740
170
777
-967
5946
3105
-5421
1222
3248
-5477
2853
-1406
-5431
2255
-1403
-3542
772
4078
-2475
-1383
2781
-1695
161
5226
-3732
949
3756
-351
2763
-769
773
2769
1219
-810
2309
-705
-800
3782
-2484
-2813
5529
935
-2974
2928
1963
-2764
-1889
879
-511
-2379
1848
1149
-1954
-901
-609
2502
-1111
1607
1473
-2036
1347
-1255
-2952
523
-1850
-1898
-1967
-980
2198
-4049
-5134
723
-1402
-3996
4719
-711
-3975
1356
-779
366
1473
-3950
4972
2233
-4239
3751
-3996
-918
4716
-6393
-2250
2980
-3999
4270
-235
-3570
3313
2396
626
995
3411
64
-326
3500
902
2844
2604
-389
435
1406
131
-4441
819
4565
-6735
-1569
5554
-2673
-1045
-689
4231
-1166
-2799
2742
3773
-2819
2046
6461
-6987
-5161
5170
-2711
-3744
4148
-4606
-1301
808
-1143
-1723
-830
151
-2144
-4082
1861
-281
-3372
1205
699
-3644
652
992
-1291
-3095
-3369
-1233
-3735
242
-2968
54
-796
1305
1831
451
-541
128
3327
-2550
1125
6046
-2689
251
2933
-1901
1265
3645
2744
-5923
5951
2178
-3201
7188
-2881
-4553
3640
-1241
-454
2553
-3771
3352
62
1302
2061
-2818
2244
2208
-1222
720
3031
-4512
1872
-211
-2079
4018
-4548
-1143
2311
-5884
-593
4077
-6705
-828
2007
-6502
-463
-87
-2662
-870
-150
-760
-383
-2011
-3179
443
1641
172
-1977
-1864
189
339
2036
-630
-2608
5452
-3001
-3529
6750
-2791
-1335
6498
838
-2233
5771
3806
-2662
4176
-1398
-2550
2869
-2567
699
3459
-5361
874
7603
-6208
-143
4748
-4229
-1985
4570
-2585
-2751
9512
-2975
-7932
3998
-946
-1561
4064
-667
2806
-319
-3793
4567
-1273
-1679
4895
1267
-1408
-3075
4535
-4927
-1240
7778
-7834
2136
3428
-2751
-2954
2182
2112
-4027
3378
884
-1599
4120
-440
-2202
2770
-1357
-1273
6496
-5307
-7006
8505
-6827
-1855
8602
-5461
1851
4674
-5903
-2497
4355
2556
-426
1478
-825
-2518
600
1552
1957
-3545
-293
4907
-2267
-656
-622
2085
2538
-5728
4365
-2421
-4669
5037
-376
785
2053
-1291
1569
3795
-1896
-5098
198
240
-2630
2062
-1247
-792
-836
-766
-3396
1603
641
-2541
4151
-1402
366
507
114
-452
1099
-31
-590
2826
-1383
-3452
3939
627
-3435
2997
-2709
-1129
5349
-3871
-2741
6661
-2117
767
2439
-3391
2255
2782
-1843
-4191
4754
298
-1456
8218
-2418
885
5636
-4455
686
776
-1385
3565
-2204
-132
1934
-3081
495
406
-491
-2512
-944
2989
-3674
-4796
3039
460
-6123
3217
-414
-3728
3555
-2281
-4440
-1910
2791
-325
-2395
1409
-3440
-3227
3092
-3655
-655
248
-1984
1986
-1804
-1001
-3655
-3213
-2717
1963
1306
-6437
3061
1385
-3669
4727
-1324
-191
4443
-2014
-2026
-162
1426
2366
1042
-571
1641
1024
1941
511
-2434
4408
1779
452
3127
-764
1113
4105
-135
106
907
-950
2090
1948
-2503
-2059
-2451
-2362
1178
-1855
-121
-1587
2776
2878
-3568
-100
-3778
-3032
1292
-6808
-535
3033
-7721
2473
998
-5097
1684
1430
-2275
-1192
1492
-2943
315
1966
-2855
3606
655
-3006
-691
-4081
1358
2677
-5562
1030
4792
-3395
828
5702
2690
-29
-685
2724
565
-4055
5575
4260
-4925
1098
3200
-5875
-244
3180
444
3463
-3628
3118
2572
-5061
6027
1005
-1945
3534
-1618
2969
-563
315
4358
-4787
2426
3961
-4250
3207
3269
-6288
1419
7333
-6593
175
6000
-5170
5917
-683
-3072
3506
-3834
906
959
-699
-917
-1143
-579
-662
-1191
-1304
-3422
-2198
-367
-393
1038
-1384
-581
1087
-858
1493
3544
-381
-426
-342
1616
-2821
-2504
2975
-2390
864
-919
2344
-2182
-3390
5342
-2278
-1662
6073
2958
-2386
8902
-78
-97
4655
-1505
-2226
-52
3780
-816
507
1704
2825
-2396
1680
4749
301
829
-1220
596
1135
-1460
1704
-1173
-1080
81
-2666
403
-2318
2104
1888
-7043
4624
-1198
-8636
7676
-600
-5989
5862
-1232
-5165
5569
-2600
-3006
2519
-3334
2865
1322
-4451
2904
232
-257
4386
-744
3352
-1313
-314
1991
-1154
4949
-4610
2013
4791
-4298
834
39
-2577
924
-2395
-1199
1426
-3599
2907
-6177
-4582
4089
-8408
2175
2740
-7640
5136
1710
-3056
3316
-597
-3451
441
428
-2588
281
2334
-2687
-699
147
891
1608
-3682
1558
2500
-2578
936
5025
-3871
2072
6242
-1952
3493
2601
-2152
-1601
883
747
-2930
-1559
708
-3031
-1136
1575
-3925
1883
34
-6466
1366
-1191
38
3423
-4141
-594
4387
-3320
-1028
-891
899
-2279
387
4424
-5289
2488
-690
-4914
1023
543
-2023
-2013
1574
4001
-2003
-855
5633
1160
25
5865
-1024
1803
1674
-986
2462
1732
3425
-1526
-488
-2273
2374
-2921
-588
2416
-1548
-2636
1776
-1668
-5848
3404
-1535
-1635
-2349
-3733
-3771
55
-1051
-1717
-1091
-2617
-3414
-3463
-1123
601
-2595
1642
4331
-3433
-4068
1818
786
-4050
2687
1951
605
967
2156
4680
429
-774
1138
-1468
1536
1004
-3771
3366
-648
-3119
5554
810
-256
1809
-2460
1573
2693
-3541
1447
2749
-3286
2934
4706
-695
-310
-435
1954
-2530
-108
3101
-3388
2611
451
3791
260
-61
4304
-7370
1887
6620
-5267
1919
2126
-402
2616
1372
3674
-3693
3097
-439
148
4016
-1021
7417
-248
-553
6186
-3749
2058
2891
-3367
-2311
674
4571
-5000
2602
-1668
-1714
1794
-4888
4862
-3742
-2720
5145
-5752
4175
2270
-6674
5486
-1974
-3224
3249
-727
-51
58
-4210
2556
-1788
-240
186
-3597
4162
-3453
1129
-595
-3025
3337
333
-2867
2186
-3131
-3504
4227
1066
-4973
-1550
1880
-7221
1644
2144
-7465
-1020
3668
-5669
1269
1802
-4177
2835
-228
2659
-1580
-999
976
-928
574
-2211
4212
-541
-4652
1927
3612
-5180
-1439
5123
-2182
-3734
3671
2269
-6643
6506
-4319
1514
6388
-6031
4901
-985
1278
3540
-1525
-388
3696
-2247
92
917
-811
1953
-4247
3470
-1584
-4498
6919
-1588
-4108
8656
-6154
-3157
6971
-7152
266
6072
-992
-977
3404
-3352
5929
-1704
-4749
3194
-1727
-2319
-786
-476
-9434
7791
-4782
-5892
7601
-4715
-3894
3010
924
-6864
3670
4816
-4215
-2186
2047
-1441
-5401
3988
242
-8790
3561
398
-6641
1382
3275
-1320
-1167
2096
1495
-1476
-1343
751
3934
-3463
4238
4698
-7607
5494
2
-5363
2085
-1967
-1936
400
-1923
3291
2630
-275
-282
-57
2259
694
2486
1253
338
-2226
4667
3979
-3801
7197
-6247
-2769
6408
-9128
1598
2794
-4634
-659
-419
-1177
-1874
-182
-1670
-2859
4514
-1589
-5375
4684
744
-2596
5656
-1710
-4018
9017
-2893
-1301
4090
-3393
4937
2434
-685
1115
1135
-747
2360
473
-4635
2514
3091
-2017
-420
1346
-2157
-2669
11
1923
-4651
3228
446
-7889
4874
-814
-4626
2734
1312
-3001
-302
-431
-2662
-969
157
-2976
-396
2761
-5670
2368
2458
-9783
5994
2779
-8258
9273
-978
-5963
10022
-2315
1401
7637
-6677
1905
4801
-3511
-1971
1458
-1181
-3160
2363
-2131
-96
2531
-1490
1568
-2286
1000
-1755
724
2546
-6580
6537
-1333
-2862
6193
-3446
-2060
3730
432
-4291
1261
-1098
-4138
1895
-1047
-308
1360
-2384
-4
3974
-788
-5484
3769
546
-4596
4322
71
-4668
7591
-535
-1182
7421
-1903
245
1582
-3223
-72
2781
-543
-1654
4578
1914
-6534
7473
-2363
-7162
12054
-4542
-5522
8973
-4862
655
2548
-5754
1517
2275
-2981
538
3103
-6070
2815
5828
-2901
1443
1232
-681
3310
1951
4700
-2847
272
6476
-3008
5498
-1428
-5046
6268
-5209
-3208
4323
-3811
2185
200
-7271
5757
-3440
-2334
7904
-6523
4586
5594
-4131
1464
-673
746
-764
-4063
2895
-6352
-3035
4374
-7749
178
2682
-5271
1635
2607
-1521
-1070
-214
2230
-2574
1841
3683
-3604
2369
-96
-2914
4484
-2520
-2389
9
-5387
-175
-1593
415
1595
-3304
3140
164
545
3851
-2600
2650
-2724
1834
4892
-2603
4428
825
-2662
396
1929
-2140
1344
-2198
-3104
2122
-3564
-3411
2774
-2679
-3714
4436
-2880
-1154
-1357
-1384
1416
-865
-980
588
-2625
4341
1383
-1313
4930
-4106
6472
87
-1382
7737
-4931
-1102
8253
-8757
-1945
5548
-6692
1165
2147
-4630
-2190
-729
-2583
777
-1437
1691
2083
1664
3303
3175
-1894
1005
898
-3613
1320
-3125
1329
-4590
-3502
5361
-6190
711
26
-5738
-1045
2056
-4922
-2836
9395
-3806
3386
-311
-2950
4964
-1806
