-28
-38
-24
-23
-21
-27
-14
-21
-28
-19
-24
-31
-36
-34
-50
-46
-60
-54
-39
-48
-36
-38
-27
-38
-47
-28
-38
-25
-48
-27
-34
-24
-26
-29
-16
-16
-13
-2
-1
-1
6
-6
4
-3
-4
-1
-3
-17
-2
-9
-12
-4
0
-11
-4
-15
-9
-9
-10
-3
0
-8
-2
-5
-6
1
4
5
13
10
26
27
19
18
42
38
36
50
45
41
50
47
33
46
53
27
49
52
36
45
40
32
34
27
42
43
42
51
27
11
11
24
39
42
51
55
48
75
74
96
94
89
105
106
105
100
105
103
90
98
96
98
87
90
102
93
92
66
80
79
67
96
92
90
89
84
83
91
78
96
106
87
104
99
116
123
95
109
98
105
102
86
86
80
91
73
96
72
70
80
55
65
59
81
56
46
72
71
71
45
82
85
86
80
81
76
80
87
83
76
76
74
72
56
59
76
68
54
52
34
27
14
21
20
22
19
2
4
0
-1
-2
3
15
-7
14
13
5
12
16
9
24
30
15
24
6
10
17
18
21
20
20
16
22
6
7
13
6
12
8
2
5
-2
5
28
12
25
24
9
16
35
27
16
21
31
23
22
33
45
41
47
35
39
42
20
29
21
10
4
-4
-5
-4
4
-14
-28
-10
-7
-16
-12
-30
-7
4
-5
0
3
4
-2
6
10
19
19
23
16
28
23
28
22
23
30
17
39
3
-12
-23
-13
-2
-18
-3
-14
-8
2
-18
-1
-13
-3
5
-7
-1
-13
-19
-7
-6
-12
8
0
4
6
-10
-10
-4
-10
-2
-20
-6
-14
-23
-33
-37
-33
-51
-37
-51
-55
-41
-45
-45
-48
-48
-54
-36
-51
-53
-32
-40
-25
-15
-16
-9
-18
-19
-8
-16
-18
-3
-13
-10
-10
-4
-13
-14
-16
-15
-6
-20
-19
-17
-8
-7
-13
-36
-23
-4
-17
-4
-5
-7
-2
-2
6
3
13
14
5
11
18
25
33
16
27
17
41
48
37
34
32
27
24
20
38
55
23
22
31
39
33
45
25
54
35
51
56
51
71
55
80
87
83
82
97
96
116
117
110
136
117
115
128
113
99
106
112
119
118
98
98
102
117
90
99
100
91
101
101
98
104
98
104
108
107
113
110
92
109
112
104
106
114
118
93
106
108
97
80
87
89
99
103
96
80
64
78
78
67
68
57
70
63
53
57
46
66
59
64
79
61
84
102
85
103
79
80
93
72
87
77
79
72
69
50
30
23
0
12
16
14
19
9
17
17
7
19
9
10
14
14
11
18
31
35
25
17
11
29
31
11
28
21
29
24
24
21
14
25
12
19
20
10
10
12
5
15
9
0
5
3
9
0
0
17
-1
-1
14
4
17
15
25
39
34
40
45
48
61
63
55
64
39
39
45
64
36
21
38
48
34
22
24
28
18
16
11
4
23
7
14
4
24
20
15
23
24
2
15
24
11
6
22
26
41
40
21
34
13
14
27
16
12
18
27
19
7
13
19
12
16
15
10
23
23
10
15
11
20
24
2
17
14
4
-11
-10
8
-4
-9
-6
-29
-27
-15
-22
-18
-24
-29
-42
-43
-31
-37
-56
-61
-46
-40
-53
-52
-42
-38
-39
-30
-35
-19
-16
-29
-12
-10
-7
-16
-3
-4
1
8
15
6
2
-1
-3
-7
-11
-3
-17
-19
-28
-7
-10
-18
-25
-33
-20
-28
-27
-31
-10
-6
-16
-23
-8
-4
-7
-35
-22
-20
-12
-6
0
-2
12
8
4
6
1
7
-1
-4
2
10
-7
5
2
2
0
0
-2
5
20
-2
4
12
25
31
38
35
52
66
61
62
61
60
75
81
64
72
68
89
75
89
101
87
92
79
90
86
83
85
79
89
106
95
87
93
94
100
90
95
98
107
94
111
101
93
103
101
109
98
87
107
103
109
84
90
108
80
86
82
71
84
79
76
72
79
73
82
83
69
89
83
80
82
103
95
96
86
79
92
105
112
101
121
104
107
107
109
105
107
96
99
88
92
81
72
85
61
64
51
44
52
50
55
63
44
51
36
30
52
35
43
54
36
38
46
45
25
26
25
40
36
44
44
35
40
38
30
34
29
32
27
10
23
14
21
7
6
5
8
26
28
26
32
49
43
46
39
45
61
47
59
68
67
59
70
54
58
64
60
66
56
78
76
62
63
43
46
48
46
45
32
34
24
26
29
35
44
21
30
25
-14
-13
-11
0
-6
3
21
9
11
19
4
20
22
15
17
27
11
17
13
15
26
16
17
19
18
4
5
7
12
16
19
17
26
30
15
23
39
30
12
30
26
47
27
17
9
14
30
18
10
5
10
11
10
-2
4
2
-6
-17
-2
-19
-32
-44
-32
-29
-37
-53
-38
-48
-36
-25
-35
-20
-25
-15
-34
-13
-1
-8
-17
-38
-25
-24
-20
-19
-31
-19
-18
-18
-21
-15
-24
-21
-15
-14
-1
-10
-18
-6
-8
0
-2
-4
-5
12
11
1
23
20
26
14
12
20
29
33
51
39
27
34
31
46
20
38
32
37
38
35
48
31
32
42
47
40
21
39
28
39
47
49
65
61
69
62
60
88
69
76
92
87
91
77
79
94
95
85
78
84
81
66
63
76
66
82
90
74
99
107
109
99
95
117
109
96
101
112
95
116
120
106
128
123
102
104
112
111
103
87
101
99
92
99
72
79
49
36
23
17
37
24
51
34
28
29
38
43
32
31
30
46
50
56
62
59
62
62
54
58
82
71
67
54
66
40
56
58
58
36
45
55
31
37
33
35
15
19
21
18
19
39
30
31
44
32
17
40
31
54
58
51
44
46
46
34
49
41
58
44
33
41
32
27
45
36
20
32
23
20
35
30
14
22
7
26
22
26
22
23
26
18
36
39
35
38
36
57
60
61
59
69
74
72
68
73
62
48
52
45
60
65
72
64
78
75
71
76
79
71
84
94
97
75
71
87
74
82
74
82
75
74
82
75
70
86
76
72
44
72
61
40
45
40
27
21
17
17
10
8
17
7
19
18
17
25
19
29
40
22
42
44
52
43
42
65
49
60
51
59
61
54
45
42
55
61
58
39
35
48
45
20
12
19
12
6
-13
-10
3
-12
6
-3
-2
-9
-7
-2
-3
-7
2
0
1
1
-5
-6
-1
1
-4
-14
-7
-7
-7
-11
-13
-33
-61
-49
-64
-55
-49
-42
-31
-42
-35
-32
-35
-32
-40
-29
-29
-20
-18
-12
-7
-23
-20
-13
0
0
-12
-15
-4
9
-9
-26
-25
-17
-24
-36
-17
-20
-25
-28
-18
-25
-25
-17
-25
-13
-26
0
6
-13
1
-6
-3
-4
8
-5
7
1
-3
30
21
23
16
22
20
24
32
20
20
30
34
24
24
21
32
25
35
33
38
32
46
55
49
52
45
69
61
71
71
65
96
87
96
88
98
92
89
86
77
75
68
55
66
64
72
71
51
47
59
68
72
66
62
78
78
85
77
67
71
75
82
68
87
86
76
90
98
117
114
119
116
132
121
124
122
115
119
128
117
100
124
100
99
101
97
94
104
91
104
123
129
119
112
109
97
112
109
113
116
123
112
109
105
109
113
112
118
111
110
99
100
92
96
78
99
92
76
99
57
48
64
74
70
68
67
74
57
47
70
74
62
62
65
80
54
17
17
28
43
37
57
35
52
51
47
34
47
55
32
30
49
44
35
57
33
40
38
33
44
57
60
46
60
46
45
52
39
64
63
61
47
53
66
62
71
55
54
51
49
39
42
46
49
38
20
24
9
16
13
16
-2
-2
26
26
19
26
20
15
19
39
36
37
21
24
51
52
41
30
54
64
55
45
43
60
41
41
41
48
42
15
35
25
28
25
11
18
5
11
-3
9
2
-9
-7
-3
-5
-7
-11
2
-1
-1
9
9
15
1
-2
10
-5
-2
1
-3
-20
-12
-12
-19
-18
-46
-34
-24
-32
-41
-54
-35
-25
-31
-49
-40
-20
-24
-23
-16
-8
-3
-7
6
11
8
5
11
8
13
9
0
7
6
-1
-2
-1
8
12
-1
4
-10
-15
-5
-1
-3
2
4
1
-1
3
16
20
16
14
13
21
39
26
32
34
43
40
28
43
32
32
42
38
32
19
23
17
25
17
19
7
21
26
44
46
49
55
46
62
59
68
73
85
91
80
52
55
68
71
76
70
81
82
97
91
99
87
93
86
96
74
78
87
91
93
88
74
73
66
66
91
80
110
107
87
91
83
105
95
105
93
106
122
105
97
119
107
91
109
121
95
110
103
102
97
106
102
107
95
92
119
100
111
107
98
110
108
95
117
111
106
124
106
111
97
110
118
94
114
108
107
103
121
116
105
99
97
91
82
94
84
97
77
75
74
71
77
75
72
65
42
39
64
54
58
53
73
59
72
65
67
74
84
82
67
71
66
66
73
70
66
64
60
54
35
44
44
49
43
46
54
43
55
39
45
53
54
60
75
75
81
56
73
87
91
91
69
75
62
67
69
92
70
72
63
47
57
57
45
41
42
53
24
15
24
24
23
21
21
28
14
15
-2
7
11
8
23
6
15
22
18
16
22
27
28
22
29
40
35
18
15
31
36
19
23
31
18
-7
-28
-18
-10
-3
2
7
6
0
9
5
-1
15
26
23
13
31
9
13
9
7
-1
-17
9
-16
-10
-7
-11
-11
-4
3
-5
-15
-15
-14
-21
-9
-18
-12
-21
-12
-22
-15
-9
0
-18
-3
2
-10
10
0
3
1
3
19
18
8
16
5
11
11
21
16
0
10
2
20
-1
5
2
7
4
5
-1
9
22
5
17
2
30
30
37
27
17
47
44
42
37
33
53
42
41
28
45
48
37
38
44
30
25
40
11
18
32
7
32
25
24
24
32
51
36
57
38
55
72
49
67
57
56
65
74
88
84
84
77
87
80
69
88
69
76
86
83
88
94
71
94
98
100
93
83
88
99
91
96
93
95
93
101
98
98
97
94
97
103
119
89
112
104
103
115
103
115
104
112
105
106
94
90
104
98
98
93
83
92
72
82
83
100
101
99
102
88
103
116
112
95
106
113
112
103
115
101
111
131
109
115
118
108
121
106
96
95
102
104
96
91
57
41
53
59
69
58
71
73
74
94
77
90
84
81
65
94
105
99
102
91
92
92
93
87
68
73
79
67
58
49
42
33
47
54
28
35
35
41
36
43
41
31
45
48
56
46
55
49
54
58
60
58
78
77
77
72
55
70
66
77
59
68
63
69
44
59
58
34
47
48
51
42
57
34
47
38
37
33
31
40
42
44
42
34
41
30
33
30
23
30
23
27
13
33
21
10
23
11
27
26
37
31
29
33
23
40
36
29
32
37
41
50
36
27
40
44
66
55
45
76
59
39
49
51
48
62
53
30
47
33
24
28
20
12
10
11
-20
0
0
-5
0
-1
-2
-13
-16
-9
-2
8
11
-6
10
6
-5
-2
-6
2
8
-5
0
-2
0
-1
3
-8
9
3
-6
-19
-19
-30
-26
-12
-20
-17
-15
-15
-18
-7
-14
-12
-13
-24
-18
-24
-13
-11
-6
2
-9
-9
-7
-4
-6
-51
-46
-35
-35
-20
-24
-19
-16
-25
-11
-38
-21
-22
-10
-15
-19
-4
-9
-5
10
3
-1
-3
5
5
11
14
13
18
20
23
25
44
44
61
37
63
69
65
69
61
82
63
71
82
87
64
62
64
52
51
53
72
71
65
83
101
94
88
88
89
88
104
102
115
97
116
118
128
129
113
102
107
127
133
114
136
117
104
102
112
95
83
98
87
96
105
87
89
82
82
90
92
90
87
76
97
100
129
109
109
119
118
125
113
129
123
109
124
130
118
115
118
106
82
119
92
101
82
58
93
65
67
82
83
63
72
88
65
82
68
90
89
89
93
106
89
91
85
94
101
82
87
83
67
74
63
72
62
54
44
33
46
47
50
35
36
45
39
31
34
41
35
39
47
29
44
40
49
50
47
58
50
64
57
56
44
68
55
39
62
53
38
37
27
25
36
35
30
27
25
35
53
58
38
25
26
30
42
47
53
60
42
61
44
60
32
13
10
13
27
26
29
15
26
23
17
20
13
5
5
11
-1
6
20
6
13
9
22
16
18
22
7
30
31
41
26
37
26
30
49
32
29
34
27
40
32
21
16
13
17
26
13
12
4
-6
-9
-4
-6
-12
-23
-18
-12
-39
-18
-8
-25
-13
2
-9
0
2
6
3
5
5
9
3
8
9
5
6
-4
0
-15
-7
-21
-13
-16
-25
-17
-17
-18
-23
-28
-16
-35
-26
-19
-22
-21
-37
-9
-26
-9
-6
-9
4
1
-9
2
-3
8
32
17
7
27
7
13
25
32
26
7
14
8
3
0
4
14
1
0
14
15
5
14
17
4
30
48
35
33
53
53
54
61
58
56
67
67
57
62
38
52
58
60
56
35
45
45
45
31
41
43
29
30
37
30
36
52
33
33
56
48
46
53
62
72
75
90
95
97
94
95
112
97
103
89
88
104
96
65
86
103
74
88
98
84
75
72
41
42
45
53
70
64
74
67
94
86
80
113
110
112
104
99
108
94
102
96
88
77
87
107
76
95
79
71
67
66
55
62
60
52
65
63
63
70
67
51
64
60
66
57
68
82
77
83
81
77
89
81
102
114
103
92
97
88
87
94
83
76
75
51
63
65
66
64
51
46
56
48
31
32
42
36
43
34
37
35
46
45
36
68
47
48
66
55
49
57
53
58
53
51
59
67
53
42
40
42
51
44
35
47
38
44
50
46
55
71
55
66
63
74
82
77
67
59
70
68
65
62
78
68
79
67
60
73
58
76
47
47
56
45
57
47
32
9
17
20
5
1
25
17
17
28
8
14
19
31
33
21
16
30
39
16
22
21
13
15
21
23
15
11
11
10
12
10
-5
-10
6
11
3
19
13
8
15
7
9
11
2
-1
-3
1
-11
0
1
5
0
-5
-3
4
8
-2
1
1
-3
0
-6
-9
-21
-26
-37
-25
-30
-36
-44
-76
-92
-99
-68
-72
-74
-59
-60
-67
-41
-42
-49
-38
-23
-21
-45
-30
-13
-32
-30
-43
-27
-20
-36
-48
-53
-29
-38
-65
-42
-36
-54
-61
-65
-57
-35
-40
-38
-44
-30
-6
-20
-20
-10
2
-5
0
-6
9
24
0
6
11
5
20
9
13
19
9
20
21
27
37
22
19
15
19
27
14
29
33
21
21
28
19
26
39
25
41
55
49
75
72
72
78
80
62
64
64
68
70
74
60
65
78
73
82
84
93
102
83
99
69
82
93
96
111
101
120
112
133
137
131
107
123
132
119
120
118
105
114
123
106
124
116
106
116
96
110
101
109
104
93
103
90
92
108
95
95
101
74
77
99
86
62
79
90
82
73
97
99
87
85
87
93
85
89
74
79
87
91
92
84
86
64
97
64
57
62
60
69
49
59
67
58
56
71
70
66
63
63
62
57
67
36
44
63
59
73
57
48
52
50
21
21
9
4
16
10
15
9
13
5
2
19
8
30
24
27
36
18
9
11
33
31
13
29
27
32
37
30
34
36
40
31
46
55
49
40
35
43
44
22
29
32
29
26
21
31
21
15
15
10
24
36
25
26
25
31
32
23
15
27
13
15
15
11
15
16
36
16
24
21
20
37
29
23
17
21
19
10
20
11
11
12
0
26
13
12
5
7
9
19
9
13
21
22
17
5
16
20
17
6
7
1
-2
-4
-13
-11
-22
-23
-17
-11
-22
-18
-17
-7
-9
-26
-25
-20
-25
-24
-8
-21
-21
-29
-21
-25
-22
-16
-19
-14
-18
-40
-23
-6
-27
-28
-14
-8
-27
-22
-16
-38
-13
-15
-5
-26
-10
1
-15
-10
-5
-14
-5
-9
1
-11
-4
-5
-6
5
-17
-3
-22
14
-9
-8
4
-2
-6
-12
2
1
18
-3
8
-9
-1
8
-2
5
-2
15
1
11
4
4
5
9
10
9
22
6
28
24
22
30
37
62
51
58
58
59
73
55
65
77
38
26
-4
9
6
18
20
18
22
10
20
23
30
33
49
46
56
57
67
57
57
76
67
70
74
81
97
84
93
97
98
109
95
103
97
90
103
106
106
105
106
96
86
86
86
93
84
102
92
88
74
83
92
74
82
68
61
85
66
80
82
92
85
73
70
76
65
88
88
76
81
68
54
54
60
69
58
57
54
68
57
57
78
56
62
73
74
66
77
71
65
69
66
82
73
68
60
53
61
42
44
48
40
43
20
23
56
45
25
19
29
38
34
29
14
17
15
-1
0
9
4
10
20
7
5
19
-2
13
6
9
18
9
25
11
27
16
28
20
13
27
19
18
8
20
8
12
35
31
14
10
21
17
3
19
13
15
29
4
15
20
13
20
23
8
17
31
17
28
41
30
42
25
37
21
26
32
9
18
10
3
11
-4
5
10
-10
7
1
0
-17
-20
-12
-9
-12
-48
-47
-20
-24
-20
-20
-29
-8
-25
-4
-15
-12
6
4
-2
-8
-2
-8
2
-8
-8
-6
-4
-5
-14
-18
-20
-21
-12
-20
-48
-62
-50
-34
-25
-36
-38
-18
-28
-28
-6
-28
-23
-20
-8
0
-15
-33
-15
-29
-17
-25
-25
-34
-30
-37
-37
-33
-30
-60
-39
-47
-49
-44
-49
-26
-44
-30
-28
-36
-21
-33
-21
-26
-11
-19
-22
-15
-26
-27
-9
-5
-7
-7
-17
0
-10
-7
-9
3
-4
-2
-6
-14
-1
-8
-4
0
-1
4
19
5
25
18
20
17
24
30
22
25
20
23
43
47
47
41
60
70
29
52
40
45
52
34
44
48
35
45
43
27
46
37
53
47
49
47
70
77
68
61
54
85
94
73
105
92
83
109
103
117
118
96
99
133
117
107
105
113
120
108
107
84
85
87
92
91
94
95
86
96
85
97
105
83
89
94
92
88
106
98
84
72
88
77
80
81
57
83
76
98
87
64
76
78
65
57
57
43
65
33
50
64
56
54
50
44
49
38
15
16
7
32
34
44
49
54
46
45
45
60
68
43
38
34
24
37
22
21
16
9
13
2
9
5
7
25
-3
-4
2
16
-3
2
-1
6
6
-11
1
-5
-4
2
-3
-4
19
6
0
6
8
10
1
1
4
-1
3
-12
-1
-1
4
6
3
-1
0
0
-1
0
-4
8
0
12
20
7
8
8
25
23
24
20
25
35
28
31
19
19
23
33
29
32
16
37
36
18
20
2
-17
-13
3
-16
-15
1
-6
-2
-11
-10
-13
9
5
12
3
13
17
11
20
7
3
11
11
10
21
13
7
6
1
1
1
-10
1
-3
2
-13
-26
-3
-5
-7
-7
-10
-20
-20
-6
-15
-27
-23
-32
-19
-13
-18
-11
-7
-4
-31
-23
-22
-33
-28
-34
-37
-55
-33
-31
-63
-52
-52
-51
-50
-60
-62
-59
-43
-56
-53
-61
-36
-26
-39
-49
-42
-27
-23
-32
-32
-23
-4
-10
-26
-10
-5
0
-7
-2
-8
-16
3
-31
-67
-70
-60
-54
-55
-54
-51
-52
-39
-39
-21
-17
-30
-33
-21
-7
-15
4
-2
0
-6
4
5
6
-4
9
17
10
26
4
17
12
28
22
32
32
22
23
28
19
24
34
35
22
26
53
49
22
33
41
46
47
32
48
37
49
56
54
69
70
61
76
83
93
73
90
77
84
109
82
80
82
80
86
75
65
74
85
78
67
75
97
104
94
106
103
104
108
107
113
107
117
108
109
95
95
88
98
91
72
95
74
60
52
58
84
60
77
72
46
62
61
77
58
80
65
46
75
68
53
60
63
70
67
62
60
58
66
51
67
76
55
51
42
68
48
51
46
48
33
33
28
26
36
38
32
33
33
22
14
16
31
15
21
36
34
24
25
25
39
32
13
20
28
21
17
28
12
18
7
21
20
-6
6
5
0
0
-1
-22
-14
-24
-20
-4
-16
-6
-8
2
13
-9
-10
2
12
0
-2
-2
20
26
16
28
19
13
11
8
-3
-1
6
-48
-51
-55
-33
-36
-28
-35
-42
-31
-25
-28
-19
-19
-30
-28
-16
-16
-32
-18
-32
-33
-24
-22
-35
-31
-9
-5
-5
-20
-7
-17
-18
-17
-26
-19
-6
-37
-27
-14
-22
-22
-19
-11
-17
-8
-28
-17
-18
-24
-17
-9
-6
-3
5
0
-2
2
-2
2
-17
-2
0
-26
-17
-14
-22
-24
-20
-21
-18
-28
-9
-44
-52
-36
-34
-22
-38
-42
-33
-42
-31
-29
-25
-7
-14
-16
-18
-16
-28
-18
-9
-6
-16
-16
-19
-19
-18
-23
-23
-16
-21
-20
-30
-45
-23
-31
-24
-23
-15
-7
2
-5
-9
-3
-24
-15
-16
-17
-7
-8
-5
6
1
16
9
0
9
7
13
16
13
17
24
11
13
18
12
2
15
15
11
12
-1
0
13
11
16
8
8
30
30
32
37
18
29
42
38
52
26
36
57
60
65
58
62
55
64
50
56
62
35
59
52
70
63
44
60
72
83
65
74
96
82
75
86
95
117
99
113
107
100
78
68
77
58
72
67
67
80
80
75
86
69
68
76
68
59
56
58
42
46
36
41
24
30
21
20
31
35
51
24
49
35
54
59
44
54
46
69
50
46
39
28
36
34
30
37
29
33
35
26
16
29
30
24
23
25
33
38
36
23
14
22
17
17
5
1
3
6
8
8
-15
-7
-9
-3
6
-13
-17
-8
5
-20
-23
-2
-8
-19
-9
-20
-6
-21
-21
-21
-36
-11
-15
-18
-3
-3
-2
11
-1
2
0
17
4
13
32
27
18
18
36
29
23
8
23
25
33
27
27
19
19
26
1
5
3
14
16
18
26
23
20
0
6
12
15
17
10
12
20
10
30
23
20
11
12
11
3
-4
0
-7
3
-7
-4
-11
-16
-4
-8
-24
-8
-8
-2
-4
-9
-6
-5
9
0
-1
4
5
12
9
9
10
19
11
12
15
9
-1
7
7
11
16
5
-9
-1
5
5
-13
-12
-5
-21
-35
-30
-29
-38
-48
-39
-32
-25
-35
-41
-30
-28
-47
-40
-43
-42
-39
-82
-97
-85
-64
-75
-83
-78
-57
-68
-55
-44
-61
-50
-70
-59
-62
-54
-52
-58
-41
-49
-63
-47
-55
-57
-56
-36
-50
-44
-34
-55
-33
-51
-33
-28
-33
-28
-23
-35
-33
-36
-31
-32
-29
-34
-30
-31
-19
-10
-36
-22
-24
-27
-22
-16
-2
-20
-18
-15
-8
-6
0
-5
-7
-10
-6
-9
-11
-6
-6
5
9
0
4
10
2
4
-2
14
5
-7
17
9
16
16
8
5
24
24
15
25
15
23
5
13
22
30
49
48
59
54
70
58
63
71
59
87
78
71
77
83
92
65
68
60
54
50
67
62
53
67
48
58
48
49
41
52
52
59
51
45
54
53
54
63
56
40
62
35
47
54
37
55
43
42
44
47
49
45
43
40
44
38
28
28
44
33
14
28
41
29
35
32
41
33
35
42
29
45
42
35
49
46
56
38
40
18
28
22
26
30
31
16
27
37
14
24
10
28
26
19
4
-10
-26
-40
-17
-24
-5
-5
4
8
-9
13
29
19
3
12
30
20
21
7
8
10
2
4
12
1
-5
1
-2
-1
0
1
-5
-3
-12
-2
0
-2
1
-16
2
2
5
9
11
5
3
24
3
23
17
15
16
7
20
16
6
13
24
21
15
11
2
8
7
-14
-12
-2
-13
-31
-26
-33
-31
-28
-17
-24
-15
-17
-6
-17
-16
-13
-20
-5
-5
-8
-6
-10
-19
-26
-7
-10
-6
-36
-27
-21
-23
-38
-37
-23
-34
-42
-38
-28
-37
-44
-38
-60
-46
-37
-51
-54
-73
-31
-46
-50
-40
-52
-41
-42
-40
-42
-48
-51
-34
-38
-54
-40
-41
-51
-51
-54
-43
-48
-51
-50
-41
-45
-71
-50
-44
-57
-60
-52
-54
-57
-55
-46
-48
-53
-42
-65
-42
-54
-31
-27
-31
-32
-34
-28
-46
-45
-53
-28
-47
-32
-31
-32
-31
-31
-40
-39
-27
-32
-45
-46
-35
-10
-40
-25
-8
-28
-24
-12
-6
-7
0
1
5
-6
7
14
-2
20
17
8
4
23
21
12
22
22
31
18
25
10
7
17
-7
-24
-15
-14
-1
-1
0
8
5
28
30
18
20
36
49
35
44
48
50
61
61
66
76
63
64
82
91
72
58
79
79
71
71
59
79
82
74
83
72
78
69
65
70
76
69
69
66
79
70
78
73
73
66
76
87
71
60
60
60
55
59
81
59
47
46
48
47
45
50
47
39
48
53
44
57
46
39
46
57
45
59
68
43
61
55
35
50
43
44
60
53
57
57
37
36
41
44
55
20
37
22
26
29
12
10
7
18
3
7
4
-1
16
3
0
8
6
9
3
5
5
18
6
5
5
24
-3
6
2
2
0
-3
10
7
-1
-9
-10
4
-13
-7
-5
-10
-5
-6
-7
-4
-3
-2
10
-2
7
14
18
15
13
10
5
16
19
19
13
29
23
1
7
16
7
0
-3
9
5
-9
-2
2
-3
-7
4
-10
-15
-12
-6
-6
-24
-5
-11
-20
-3
4
-9
-12
2
-13
0
-16
-31
-59
-47
-46
-45
-35
-36
-41
-31
-37
-33
-31
-32
-39
-53
-30
-26
-34
-33
-30
-46
-27
-25
-25
-17
-34
-29
-23
-37
-30
-25
-48
-37
-28
-45
-39
-28
-53
-49
-53
-66
-49
-68
-76
-61
-83
-87
-90
-92
-77
-73
-75
-68
-75
-76
-69
-55
-63
-56
-61
-74
-57
-47
-63
-64
-67
-50
-57
-65
-64
-59
-77
-63
-63
-72
-92
-68
-62
-75
-74
-77
-66
-64
-73
-74
-61
-67
-51
-55
-55
-51
-40
-58
-56
-33
-40
-35
-40
-24
-35
-27
-15
-20
-13
-32
-24
-27
-19
-9
-20
-10
-17
-6
-22
-23
-25
-16
-22
-29
-7
-10
-12
-7
-5
0
-6
0
8
7
11
20
7
4
3
11
25
18
13
17
40
19
12
39
35
19
32
34
48
65
61
50
57
62
67
66
72
85
93
71
83
98
79
98
95
99
103
87
96
92
88
90
95
74
71
73
78
83
71
54
74
55
72
54
39
44
50
41
38
65
35
41
50
63
69
50
76
63
66
64
62
77
75
70
69
74
74
72
43
18
-1
10
16
20
17
14
23
33
31
29
30
28
30
19
23
16
19
19
29
38
30
31
36
38
33
26
25
34
31
46
29
28
29
37
31
25
21
17
20
11
-4
-6
-6
-3
7
-2
8
-4
15
1
9
7
-1
3
-11
-3
5
6
5
9
-2
-2
8
7
21
20
2
11
4
14
34
-7
14
12
3
-4
-4
-13
-9
-9
-8
8
-3
-12
-7
-8
-11
-2
-7
0
3
6
0
-3
-5
-8
-7
1
-1
2
-20
-17
-3
-19
-23
-9
-22
-28
-14
-19
-18
-26
-30
-38
-41
-59
-33
-36
-46
-24
-51
-19
-37
-17
-22
-49
-13
-27
-26
-24
-36
-21
-26
-29
-38
-41
-35
-47
-37
-44
-48
-54
-59
-64
-78
-83
-66
-72
-76
-65
-86
-85
-62
-61
-76
-73
-64
-61
-65
-59
-50
-49
-45
-54
-42
-46
-56
-51
-70
-41
-50
-52
-52
-41
-46
-69
-67
-71
-52
-78
-59
-58
-74
-66
-80
-80
-66
-81
-66
-75
-69
-91
-108
-105
-92
-75
-77
-77
-80
-58
-63
-70
-67
-49
-69
-69
-63
-73
-51
-49
-55
-41
-50
-45
-47
-51
-60
-48
-43
-65
-61
-53
-29
-26
-26
-12
-17
-6
-9
1
7
3
2
-17
-4
8
17
20
9
17
12
7
8
6
1
10
-6
-9
-4
8
14
4
0
2
10
10
4
16
22
13
20
24
38
30
46
48
29
34
48
50
56
48
51
55
58
58
49
65
61
52
62
57
60
47
37
32
52
51
50
56
65
50
54
58
75
53
47
73
76
86
78
77
90
92
81
88
106
105
91
96
85
87
87
72
63
64
68
65
68
70
52
54
51
38
54
47
67
45
45
53
51
44
43
34
55
44
29
41
49
52
26
53
52
28
26
38
27
20
28
19
9
3
9
18
-2
8
19
3
10
10
20
14
24
10
25
16
1
24
15
12
9
13
3
24
33
15
12
33
21
16
13
20
7
12
25
12
21
10
7
4
2
11
2
-3
3
2
4
-2
-35
-29
-29
-19
-19
-15
-19
-20
-11
-14
-21
-13
-18
-26
-16
-29
-14
-21
-16
-16
-6
-18
-28
-26
-30
-25
-52
-38
-34
-45
-41
-30
-36
-23
-41
-33
-46
-34
-16
-36
-30
-21
-11
-23
-16
-23
-20
-25
-21
-22
-21
-30
-33
-52
-45
-22
-46
-45
-62
-51
-50
-61
-54
-52
-48
-59
-54
-69
-65
-59
-59
-54
-59
-65
-59
-64
-61
-62
-64
-57
-73
-78
-74
-70
-71
-82
-77
-78
-67
-82
-86
-88
-99
-77
-77
-84
-83
-92
-80
-95
-101
-93
-96
-82
-86
-86
-83
-69
-66
-48
-43
-47
-34
-29
-29
-39
-49
-43
-44
-31
-44
-40
-42
-51
-34
-54
-48
-63
-56
-48
-48
-50
-56
-42
-41
-53
-28
-35
-42
-29
-24
-39
-37
-11
-20
-17
-34
-14
0
-14
0
-8
-8
4
-5
1
3
-6
-3
-10
-2
0
-16
-6
-5
1
1
-2
8
11
13
9
7
22
28
37
13
34
31
31
44
42
52
48
53
63
49
50
57
58
50
52
13
-1
6
13
13
27
32
18
26
25
36
31
51
37
50
68
52
50
59
41
65
38
44
43
29
55
38
50
48
45
47
55
64
51
60
51
48
48
44
64
45
44
35
44
31
44
47
49
44
52
49
36
47
37
54
52
54
62
69
63
73
67
69
74
67
63
65
68
58
68
50
62
53
54
49
46
35
22
35
44
38
35
28
42
49
34
41
45
40
36
31
40
36
41
29
15
19
20
39
27
26
20
24
10
16
14
7
13
15
10
18
18
9
10
8
17
24
23
27
33
8
22
42
9
12
26
37
25
21
26
31
38
22
22
33
18
19
16
27
8
-5
30
-3
-6
1
-5
-2
-14
-4
1
-27
-12
-14
-24
-27
-44
-22
-21
-30
-13
-31
-11
-13
-42
-14
-22
-22
-23
-28
-25
-14
-26
-17
-33
-37
-26
-35
-35
-48
-27
-52
-36
-19
-32
-33
-35
-37
-32
-28
-29
-45
-43
-47
-54
-65
-50
-62
-67
-47
-54
-63
-64
-56
-71
-59
-71
-68
-100
-125
-113
-98
-96
-104
-89
-110
-107
-105
-103
-107
-100
-112
-105
-81
-97
-92
-86
-76
-81
-78
-71
-86
-66
-63
-67
-72
-56
-56
-73
-69
-61
-74
-67
-70
-71
-55
-59
-70
-66
-62
-56
-57
-52
-56
-57
-35
-46
-61
-58
-57
-46
-48
-30
-40
-29
-34
-43
-34
-35
-29
-39
-21
-16
-20
-2
-15
-10
-16
-10
-16
-9
-13
-12
-19
-26
-24
-14
-20
-9
-15
-21
-7
-8
2
-2
-5
6
17
1
7
35
39
33
32
32
21
23
28
31
31
11
21
33
46
46
35
41
41
59
35
65
41
32
41
34
45
35
49
56
34
48
49
58
57
48
76
64
82
81
72
73
62
94
81
75
54
57
65
53
58
27
35
35
37
50
36
52
44
54
50
84
59
72
52
56
66
55
73
67
68
65
68
56
65
75
70
76
58
81
78
68
80
75
81
71
61
51
49
67
35
43
44
43
42
44
48
46
54
50
69
37
31
12
7
17
7
16
15
14
18
21
19
10
24
17
22
23
37
21
26
16
25
18
1
24
-1
11
19
14
19
10
16
10
10
20
20
4
14
21
24
16
30
27
20
34
18
22
14
22
1
24
27
-2
-2
-8
18
20
5
-1
-1
1
5
-1
0
-6
-12
-7
10
5
-12
4
-4
-2
-6
-11
0
-15
8
-12
-13
-2
-5
-3
-24
-23
-19
-23
-25
-36
-29
-30
-41
-23
-45
-53
-46
-38
-38
-33
-40
-45
-35
-44
-26
-42
-37
-23
-30
-21
-16
-20
-30
-3
-22
-47
-22
-35
-48
-45
-45
-53
-51
-53
-64
-63
-68
-61
-55
-76
-83
-59
-62
-69
-66
-65
-51
-61
-60
-72
-80
-63
-83
-65
-61
-65
-58
-71
-67
-66
-65
-76
-65
-68
-75
-64
-66
-71
-74
-67
-83
-63
-75
-77
-88
-85
-73
-87
-81
-94
-83
-75
-45
-62
-55
-52
-42
-42
-33
-36
-28
-59
-28
-34
-27
-13
-21
-18
-31
-15
-25
-48
-17
-31
-23
-28
-25
-19
-28
-15
-19
-8
-1
1
-3
1
-11
0
0
-30
-29
-17
6
4
-15
-9
3
-6
3
19
15
11
17
7
3
11
21
4
17
-8
-5
19
19
17
14
34
39
39
46
42
30
46
58
65
55
72
61
75
52
65
69
53
71
56
48
67
63
56
54
30
18
37
46
30
41
31
29
42
44
16
28
50
54
44
28
40
36
33
39
47
47
51
35
39
63
34
48
47
45
35
20
40
36
32
26
7
19
35
-3
10
15
1
5
24
15
13
18
8
15
18
25
25
44
29
43
40
29
43
39
49
58
43
45
43
37
27
47
23
24
15
21
34
35
21
13
29
14
28
37
32
25
31
25
29
31
19
36
63
66
53
45
33
43
44
34
23
29
45
43
34
28
30
45
18
28
33
34
21
16
36
34
22
23
20
23
25
10
27
26
21
23
31
24
31
38
32
20
33
19
24
20
15
26
28
8
-5
-2
1
-6
-2
-1
-15
-57
-51
-41
-33
-8
-15
-22
-21
-7
9
-5
-16
1
0
6
11
-6
-3
-3
-8
-19
-16
-25
-2
3
-18
-39
-27
-57
-44
-33
-34
-46
-65
-60
-72
-67
-75
-75
-91
-87
-73
-75
-71
-82
-91
-80
-68
-81
-75
-76
-95
-97
-83
-76
-71
-74
-76
-71
-70
-85
-88
-90
-82
-69
-88
-86
-91
-81
-88
-76
-54
-80
-74
-66
-63
-37
-55
-40
-23
-20
-31
-63
-44
-25
-8
-15
-26
-30
-14
-22
-17
-17
-20
-28
-36
-18
-32
-38
-44
-45
-33
-39
-37
-45
-51
-36
-37
-32
-56
-31
-34
-40
-23
-33
-25
-22
-15
-18
-13
-20
-15
-10
-10
5
-8
-21
-13
-17
-16
-16
-31
-45
-10
-15
-13
-19
-5
-1
2
-4
3
8
2
22
16
25
35
36
32
48
42
40
54
74
72
82
85
76
79
91
80
59
74
66
66
64
53
70
57
56
41
55
74
63
64
45
41
56
35
37
36
52
22
46
48
37
41
30
51
18
20
34
34
15
25
29
21
32
20
25
28
39
15
8
16
-1
-10
-19
-31
-10
-14
1
-14
-17
5
5
1
12
7
13
37
30
19
49
61
47
59
58
45
74
83
85
88
67
66
74
78
85
76
61
60
66
82
73
69
66
43
62
65
48
63
64
86
76
74
84
60
91
74
78
92
58
56
68
58
52
42
44
43
44
18
18
19
16
10
13
6
-8
22
16
-3
2
18
16
1
10
3
0
8
-3
10
-2
-2
2
-3
10
-1
-3
3
-11
2
-3
-10
-5
-6
0
0
4
-5
-5
8
1
1
9
-10
11
3
8
25
22
34
29
15
15
20
32
23
32
43
34
34
43
40
42
48
30
37
14
2
14
-4
19
1
-6
-3
-1
-4
-4
-5
3
-17
-21
-9
-46
-23
-47
-60
-45
-64
-80
-68
-90
-104
-96
-113
-92
-103
-95
-107
-111
-118
-124
-103
-121
-110
-110
-129
-133
-139
-114
-130
-128
-128
-131
-130
-138
-119
-129
-117
-101
-128
-114
-107
-83
-86
-80
-81
-86
-81
-110
-125
-108
-96
-91
-87
-96
-78
-52
-58
-71
-80
-66
-56
-46
-45
-41
-39
-50
-44
-38
-32
-27
-21
-17
-13
-11
-25
-12
-3
-20
-6
-18
-14
-12
-15
-18
-33
-30
-18
-24
-32
-30
-20
-25
-44
-32
-51
-41
-34
-53
-45
-24
-40
-28
-38
-45
-49
-45
-31
-43
-23
-22
-36
-32
-23
-25
-28
-6
-4
-6
-19
-4
-6
-1
4
2
5
5
18
7
29
39
30
49
36
47
52
54
55
59
66
69
80
73
95
68
99
98
87
108
85
101
116
112
117
105
115
92
92
102
101
94
94
83
81
85
91
79
67
69
67
60
73
62
44
44
34
47
46
36
12
24
11
28
45
40
22
22
27
37
17
32
39
18
44
23
26
9
13
5
10
13
7
18
-3
3
16
25
34
14
-1
14
-3
14
21
31
21
16
19
12
8
17
7
27
24
14
22
32
13
27
27
18
25
12
38
22
21
25
28
17
21
19
17
19
9
30
23
38
43
42
23
21
36
38
30
-1
-8
0
-4
5
-1
15
22
14
2
13
17
10
12
7
15
22
2
21
18
14
12
-1
22
18
14
4
19
8
13
3
3
4
6
-1
-3
1
-6
-2
9
12
13
-5
1
-4
5
2
-18
2
3
-3
-15
-19
-8
-19
-12
2
-13
-3
2
-8
-2
-17
-5
-2
-4
-8
-18
-11
-29
-17
-22
-32
-26
-28
-36
-31
-32
-42
-49
-48
-38
-43
-45
-58
-62
-55
-82
-54
-60
-72
-69
-80
-81
-84
-99
-78
-98
-100
-83
-110
-105
-101
-95
-96
-102
-104
-112
-91
-94
-102
-100
-96
-107
-93
-98
-81
-78
-80
-83
-92
-90
-91
-88
-99
-100
-80
-77
-78
-71
-74
-89
-91
-76
-69
-65
-56
-65
-55
-44
-54
-40
-40
-41
-30
-35
-35
-30
-33
-21
-14
-32
-9
-8
-1
-3
-20
-1
-28
-20
0
-10
10
-16
-14
-6
-10
-3
1
0
0
-15
-2
3
5
16
-12
2
-12
-7
-6
-10
-7
-18
-8
0
-7
-7
-5
11
3
8
5
-13
-7
-2
15
13
2
24
37
29
38
42
47
41
66
70
62
69
71
64
86
75
81
64
76
70
57
54
35
32
41
54
35
53
35
30
36
16
30
40
37
49
50
42
42
51
51
59
44
42
77
69
58
83
81
51
66
81
87
71
72
73
66
82
81
76
86
101
80
75
82
96
103
85
105
73
75
95
74
83
92
73
60
62
43
59
50
41
58
46
30
32
26
22
20
24
18
11
31
21
18
1
15
13
-2
25
15
-3
15
12
4
24
34
17
7
27
25
31
33
47
32
28
22
35
33
31
29
4
23
35
23
13
17
13
4
11
7
7
9
5
11
5
18
20
13
14
13
20
14
20
28
31
19
24
27
47
23
8
17
3
-10
-1
-8
-9
-8
-18
-17
-22
-21
-29
-18
-16
-20
-40
-24
-43
-28
-20
-13
-23
-27
-23
-17
-8
-24
-10
-1
-6
-7
-10
-8
-5
-12
-18
-10
-1
-17
-24
-22
-17
-18
-54
-38
-48
-54
-42
-66
-69
-98
-105
-106
-87
-95
-95
-98
-86
-95
-73
-71
-85
-86
-87
-84
-77
-66
-74
-66
-87
-78
-83
-76
-79
-74
-88
-89
-90
-91
-78
-90
-87
-91
-100
-94
-94
-80
-85
-97
-72
-73
-71
-75
-65
-66
-36
-50
-58
-48
-33
-22
-27
-31
-23
-25
-24
-25
-20
1
-9
-10
-23
-7
-4
-21
-20
-16
-12
-5
-13
-12
-7
-1
-5
-6
-3
-16
-8
-9
-2
-17
1
1
-21
-22
-11
-5
-14
-15
-26
-14
-18
-28
-23
-19
-18
-13
-13
-2
-5
-15
-6
-15
-9
-4
-5
-4
0
10
21
38
34
35
45
67
64
71
71
59
84
84
85
79
81
66
63
68
78
77
57
66
64
62
74
64
65
71
73
54
63
63
41
54
60
62
64
61
66
65
60
56
55
69
66
59
62
62
50
48
56
57
56
74
63
52
54
53
59
52
42
47
36
46
57
50
41
24
18
29
39
24
24
36
26
21
17
25
31
15
33
4
20
20
-8
-3
-11
-9
-14
-19
-9
-6
-10
-17
-17
-16
-5
-16
-5
-5
-4
2
2
9
2
13
8
12
21
20
19
14
18
28
28
29
15
11
31
23
19
25
10
20
0
14
2
-1
1
1
14
-5
3
11
8
14
-3
5
19
12
9
10
12
19
22
19
6
8
27
14
13
11
7
1
1
2
-1
-2
-14
-8
-9
-13
-18
-10
-15
-21
-14
-22
-25
-28
-35
-35
-15
-15
-22
-24
-17
-2
-10
-2
-15
-15
-6
-17
-18
-2
-2
-14
-19
-13
-7
-26
-23
-9
-6
-10
-21
-17
-19
-9
-9
-10
-1
-13
-8
-4
-9
-15
-16
-19
-14
-18
-16
-10
-24
-17
-10
-16
-20
-3
-20
-6
-25
-47
-36
-48
-33
-60
-54
-53
-73
-63
-67
-52
-55
-53
-61
-55
-46
-53
-56
-46
-44
-28
-38
-43
-41
-36
-51
-53
-42
-34
-35
-43
-39
-41
-38
-47
-43
-13
-34
-44
-38
-38
-41
-53
-52
-52
-47
-31
-44
-39
-14
-20
-9
-7
-20
-8
1
6
13
-1
-4
-3
-1
4
2
-2
10
7
-17
-31
-24
-35
-24
-22
-26
-32
-32
-29
-31
-27
-32
-16
-23
-36
-31
-34
-22
-13
-23
-12
-21
-9
-2
-1
-1
5
-2
1
19
2
15
24
21
17
26
38
29
29
25
18
29
32
14
28
15
14
10
16
19
22
20
17
49
54
60
51
47
47
47
46
43
55
49
31
39
45
37
37
51
40
40
43
42
32
47
45
20
23
24
25
26
48
31
26
30
30
35
53
54
37
35
60
60
63
62
48
75
65
75
56
52
60
46
60
58
60
49
59
61
53
55
57
67
57
57
49
27
44
45
44
40
48
38
35
61
61
50
44
54
59
50
69
62
30
50
56
54
39
40
14
27
30
20
14
1
12
-2
16
12
0
7
12
14
21
18
8
16
19
15
14
23
18
7
22
8
24
13
9
23
19
7
11
8
17
12
14
0
19
-12
-12
-13
-5
-14
-7
-8
-17
-2
-23
-3
-37
-34
-67
-78
-60
-77
-61
-56
-52
-48
-40
-51
-47
-38
-36
-24
-27
-27
-21
-25
-17
-28
-28
-29
-12
-24
-33
-45
-17
-53
-60
-36
-43
-38
-52
-39
-50
-36
-34
-36
-42
-37
-34
-27
-31
-36
-46
-33
-38
-43
-27
-42
-46
-59
-52
-55
-52
-61
-51
-56
-49
-63
-72
-56
-64
-83
-83
-68
-74
-63
-70
-72
-56
-59
-75
-55
-65
-65
-44
-57
-50
-64
-60
-51
-58
-72
-57
-85
-69
-71
-70
-59
-67
-87
-88
-77
-88
-86
-81
-77
-83
-80
-85
-63
-59
-49
-35
-39
-33
-28
-35
-29
-10
-8
-14
-14
-8
-20
0
-11
-1
1
0
6
1
3
8
12
6
0
16
28
2
4
4
3
4
-4
-10
9
10
4
3
-2
10
2
1
5
2
6
12
23
28
10
4
4
7
7
16
36
24
18
19
32
49
22
39
27
11
38
40
29
26
24
39
39
37
47
45
37
44
49
35
42
58
46
48
41
44
45
34
29
45
43
37
42
31
39
10
40
20
38
44
33
29
28
54
59
61
33
28
20
26
27
34
55
52
53
60
56
55
65
48
57
67
54
48
59
46
51
50
41
50
38
27
36
54
46
32
33
22
40
24
20
40
40
13
13
13
14
13
15
-6
12
20
-3
0
16
11
-5
5
1
-1
-5
5
-5
-3
7
15
5
9
22
16
30
14
14
25
14
28
23
31
14
32
30
36
33
15
26
40
23
40
47
29
20
23
31
28
27
22
20
22
32
27
44
21
38
13
23
23
11
21
11
24
23
17
24
29
52
23
39
30
26
38
29
23
10
22
15
11
-2
-6
-3
-11
-20
-29
-39
-29
-42
-38
-28
-48
-43
-37
-40
-44
-31
-43
-48
-28
-51
-43
-36
-37
-39
-46
-37
-17
-33
-25
-23
-36
-24
-26
-46
-36
-32
-32
-51
-47
-55
-51
-68
-53
-65
-61
-54
-62
-77
-76
-58
-70
-75
-64
-61
-83
-70
-65
-55
-51
-61
-76
-74
-63
-75
-82
-69
-75
-75
-79
-66
-74
-77
-106
-129
-137
-126
-128
-134
-128
-119
-102
-110
-119
-107
-101
-104
-93
-81
-94
-79
-86
-68
-68
-59
-59
-67
-57
-54
-37
-51
-52
-17
-30
-28
-25
-30
-29
-31
-37
-34
-33
-35
-29
-26
-30
-18
-35
-13
-18
-12
-21
-10
0
-10
6
-1
6
3
3
1
3
9
9
3
-1
3
4
10
-10
-2
20
7
12
1
6
-1
-2
16
17
12
14
11
19
25
27
48
42
55
61
55
64
77
79
73
72
75
79
75
86
76
77
78
74
80
71
60
62
45
50
44
43
47
49
27
50
50
15
30
43
36
22
38
32
36
48
28
38
33
40
33
49
46
34
36
35
29
15
25
13
10
16
15
23
16
12
19
35
17
26
12
27
24
35
32
29
34
31
30
23
34
36
41
51
46
42
51
49
58
56
43
56
43
32
43
49
32
42
43
46
37
25
34
22
27
35
31
26
38
32
17
19
38
55
40
19
34
28
30
28
19
11
23
18
16
12
14
10
-6
-10
-32
-33
-37
-32
-28
-22
-14
-5
-13
-7
-25
-12
2
0
10
-7
-2
9
14
9
17
15
23
24
24
27
28
25
7
8
24
24
23
28
17
8
-4
-4
-5
-15
-10
-7
-4
-15
-16
-8
-10
4
-6
-7
-5
-1
5
4
3
0
7
10
11
0
5
1
0
5
-15
-21
-18
-12
-19
-24
-22
-41
-27
-39
-45
-44
-53
-46
-69
-53
-68
-68
-66
-64
-61
-71
-66
-77
-68
-73
-77
-65
-59
-73
-77
-75
-74
-56
-71
-77
-98
-110
-82
-83
-86
-109
-89
-90
-102
-86
-100
-109
-85
-79
-87
-89
-87
-75
-106
-85
-77
-64
-64
-60
-62
-78
-53
-44
-52
-53
-48
-37
-38
-44
-33
-21
-18
-36
-36
-30
-31
-23
-16
-36
-28
-16
-23
-17
-11
-21
-14
-8
-25
-18
-9
-13
-10
-5
-13
-5
-6
-1
-7
-4
-1
-18
-6
-18
-12
-32
-29
-30
-31
-22
-24
-25
-38
-30
-30
-33
-27
-34
-17
-9
-15
-20
-10
-4
1
-1
8
21
-6
-30
-15
2
8
13
18
39
43
40
42
56
54
40
52
66
56
44
50
60
66
52
77
73
52
71
74
72
52
75
76
77
82
87
94
82
75
70
76
85
85
82
81
78
57
70
63
69
57
47
72
62
52
31
33
40
33
33
31
16
24
27
7
17
17
15
7
11
2
10
24
13
5
11
20
-1
9
-3
8
1
-7
1
1
-11
-18
-11
-10
-14
-11
-21
-15
-4
-5
-1
10
12
5
-2
23
10
1
20
33
24
27
37
44
53
35
32
47
55
46
46
42
52
33
25
40
31
32
38
15
36
39
24
29
19
31
20
34
40
28
29
49
40
52
41
41
37
28
45
26
34
33
16
13
23
26
25
36
19
11
13
15
31
17
10
17
3
1
20
7
8
16
-8
6
-3
-2
5
1
-2
0
-3
4
6
-5
-3
23
4
13
25
11
6
-1
3
3
-14
-19
0
-3
0
-16
-9
-9
-7
-14
-22
-18
-12
-24
-12
-12
-16
1
-26
-23
-35
-69
-80
-80
-82
-82
-81
-92
-110
-91
-76
-87
-78
-76
-72
-66
-67
-76
-80
-79
-87
-112
-79
-82
-77
-85
-80
-82
-85
-67
-75
-60
-55
-51
-53
-58
-49
-35
-62
-44
-39
-51
-42
-58
-57
-42
-48
-44
-62
-59
-64
-56
-66
-61
-73
-71
-71
-55
-77
-79
-73
-76
-63
-55
-51
-46
-56
-64
-56
-61
-45
-43
-53
-64
-60
-66
-61
-48
-66
-67
-74
-70
-56
-67
-66
-53
-73
-56
-50
-59
-41
-52
-68
-65
-53
-50
-22
-40
-34
-8
-10
-16
-2
13
-4
7
18
27
41
45
64
62
62
68
69
84
70
67
58
59
92
73
92
71
76
77
74
81
81
70
80
63
65
65
60
71
72
74
59
62
52
47
62
62
58
57
58
41
46
40
21
39
38
43
28
33
9
12
9
-1
10
21
16
10
8
2
14
7
4
3
7
16
15
17
17
20
7
21
22
23
9
12
29
21
17
21
26
32
23
26
21
26
31
25
-6
-4
14
14
8
21
20
43
46
42
52
55
71
65
39
56
69
53
39
59
63
41
40
61
36
40
46
35
27
41
34
30
44
25
26
18
15
16
24
8
6
9
12
8
10
8
1
9
22
13
5
7
8
5
4
10
34
5
1
15
13
19
19
15
3
-7
4
6
-1
-9
-7
-11
-2
-18
-4
-6
-6
-8
-3
11
11
6
23
15
9
13
16
12
10
7
3
7
6
-1
-3
0
4
4
5
14
2
-12
0
-1
-6
5
-3
9
0
-12
0
-1
-7
4
-10
-5
2
-15
-20
-10
-21
-17
-22
-22
-25
-23
-39
-28
-48
-54
-50
-73
-68
-83
-75
-88
-83
-96
-94
-94
-96
-90
-79
-83
-79
-67
-79
-60
-65
-80
-64
-49
-67
-73
-65
-59
-55
-60
-50
-54
-61
-55
-76
-70
-67
-76
-66
-70
-85
-79
-71
-88
-86
-84
-73
-79
-68
-77
-69
-80
-63
-42
-63
-63
-60
-50
-49
-32
-23
-33
-20
-13
-22
-24
-21
-19
-22
-19
-18
-24
-18
-14
-20
-20
-24
-29
-53
-73
-80
-79
-52
-47
-35
-40
-47
-45
-38
-34
-40
-46
-31
-26
-19
-21
-20
-20
-20
-4
-7
-5
-14
-9
-3
-6
-8
-2
-2
-6
-7
3
-2
-2
-5
-12
4
2
5
24
30
14
19
44
25
24
21
35
38
71
53
58
57
32
66
54
46
40
49
43
50
67
54
53
61
47
35
45
50
48
60
39
44
44
35
29
25
31
42
56
43
35
42
38
32
50
58
27
41
56
44
41
31
55
36
21
25
17
18
14
12
6
15
14
20
20
15
23
12
30
30
27
28
27
32
29
30
41
51
59
44
33
36
22
25
40
17
30
50
13
19
24
4
20
15
7
8
2
-10
2
9
4
21
11
12
11
4
21
14
32
18
21
33
25
36
18
27
28
44
39
29
30
28
29
10
6
13
11
21
2
12
12
-4
12
-1
8
7
12
-3
1
12
8
14
12
17
24
27
20
18
24
-1
-22
-7
7
1
-4
-10
-20
-6
-7
-13
-6
-17
-13
-31
-19
-18
-16
-29
-26
-14
-31
-29
-40
-20
-12
-29
-34
-36
-18
-20
-32
-34
-11
-23
-21
-16
-30
-19
-29
-18
-22
-33
-23
-38
-33
-41
-44
-52
-39
-51
-67
-50
-65
-70
-62
-66
-60
-67
-62
-54
-67
-48
-41
-46
-26
-32
-43
-38
-44
-38
-36
-26
-40
-33
-28
-43
-53
-52
-56
-65
-66
-60
-63
-67
-70
-66
-80
-65
-71
-67
-73
-73
-77
-55
-57
-58
-47
-49
-55
-45
-49
-36
-49
-54
-33
-42
-44
-35
-20
-31
-15
-17
-25
-9
-18
-10
-14
-27
-11
-27
-20
-17
-25
-22
-22
-23
-27
-13
-10
2
-7
-18
-2
-3
1
6
17
4
3
6
8
9
16
34
18
15
21
24
13
8
9
4
19
13
15
14
11
28
22
27
13
15
18
14
39
15
27
30
38
50
40
45
46
47
43
44
51
41
34
26
44
29
23
31
17
17
14
7
14
6
3
13
6
5
5
2
0
13
25
15
19
26
19
16
18
18
16
-3
-11
-13
-6
6
8
6
9
24
15
11
21
16
22
14
10
20
31
26
18
1
27
29
23
18
34
32
30
39
29
40
37
39
59
57
35
52
22
29
48
34
39
33
22
16
24
15
18
5
5
8
3
11
-3
5
12
6
4
-9
-6
4
9
2
4
2
9
12
11
8
17
6
24
8
24
21
16
8
10
15
14
17
5
7
2
-11
12
3
1
8
0
4
12
10
16
4
2
3
17
13
7
20
24
31
15
29
27
28
29
14
18
33
30
22
3
12
1
3
11
-3
21
14
-1
13
-6
-3
-12
-8
-4
10
5
4
10
1
1
8
-4
-9
-3
3
9
3
-6
0
-4
-13
-9
-14
-19
-16
-22
-24
-32
-34
-32
-35
-25
-36
-58
-42
-46
-53
-51
-48
-42
-53
-55
-54
-45
-33
-32
-60
-42
-45
-42
-22
-41
-33
-59
-54
-74
-62
-51
-59
-65
-61
-71
-72
-58
-75
-68
-69
-63
-95
-128
-127
-115
-102
-113
-88
-91
-85
-89
-95
-75
-88
-66
-71
-58
-64
-66
-55
-48
-66
-43
-28
-57
-29
-36
-54
-66
-45
-47
-48
-40
-48
-51
-47
-46
-34
-39
-43
-32
-35
-16
-29
-8
-11
-31
-16
-13
4
-1
-9
-10
-4
2
5
-8
0
5
-15
-6
-1
1
-5
-11
4
-1
-9
-21
-7
-4
0
-8
-14
-4
2
11
-8
-4
23
7
15
5
20
34
24
21
23
34
26
30
44
33
43
41
39
39
31
36
37
28
44
46
33
49
37
52
48
34
45
59
50
69
77
76
75
81
81
79
89
94
93
85
78
83
67
81
61
74
67
56
54
47
53
41
44
44
62
63
63
36
53
60
38
61
53
57
50
56
38
43
61
41
42
39
57
56
34
49
46
40
29
27
38
39
28
28
41
30
12
24
22
13
12
-2
3
4
1
12
10
6
19
25
10
18
21
8
14
24
25
23
22
16
29
26
27
12
27
22
23
7
4
16
7
9
9
-4
8
-29
-38
-16
-42
-20
-14
-14
-14
-8
-10
-20
-6
1
1
-1
-11
7
-2
2
-1
-6
-6
8
8
2
13
4
7
-24
-8
-8
-10
-9
-5
-6
-11
-20
-9
-29
-25
-14
-8
-6
-17
-16
-28
-11
-5
-25
-29
-15
-10
-15
-9
-26
-28
-21
-19
-23
-32
-49
-52
-46
-62
-70
-66
-57
-61
-73
-77
-80
-75
-57
-75
-64
-63
-55
-65
-79
-55
-61
-50
-56
-64
-55
-65
-77
-67
-83
-76
-86
-78
-78
-83
-85
-91
-78
-79
-87
-90
-90
-100
-78
-82
-95
-95
-75
-84
-80
-77
-88
-66
-58
-58
-68
-58
-73
-80
-62
-77
-58
-65
-72
-76
-64
-71
-74
-73
-73
-82
-77
-87
-90
-91
-81
-82
-77
-77
-69
-74
-70
-51
-62
-42
-56
-48
-31
-38
-15
-31
-27
-14
-22
-13
-7
-8
-14
-9
-12
-9
-2
-1
-10
5
-1
9
-26
-11
-8
-4
3
-4
9
14
16
-1
7
25
25
13
11
27
40
33
24
45
42
30
36
40
42
50
38
5
-2
7
10
9
9
8
5
19
14
21
31
23
38
40
50
27
40
44
63
52
54
65
42
59
63
58
40
49
55
50
29
45
60
35
30
38
31
41
16
9
12
12
21
11
4
4
6
5
8
-5
4
3
8
8
7
21
5
27
32
34
30
37
29
46
44
9
14
36
20
7
13
30
17
15
18
7
10
10
22
4
13
4
11
4
8
10
14
11
4
10
17
6
6
14
22
23
29
26
25
16
21
18
35
39
24
14
8
25
23
23
31
15
28
38
27
25
4
27
22
23
31
29
38
36
31
45
29
42
54
45
30
42
39
40
42
50
35
45
37
42
45
39
31
27
33
20
23
31
27
32
19
17
14
28
20
19
24
13
19
5
4
16
21
10
9
23
13
12
9
3
14
2
-8
-1
5
5
0
8
-9
0
-2
3
-9
4
-8
-24
5
-21
0
-8
-30
-7
-17
-6
-8
-16
-5
0
-8
-14
-23
-11
-6
-36
-26
-25
-48
-72
-80
-78
-70
-65
-73
-82
-64
-81
-82
-80
-80
-99
-89
-86
-97
-75
-82
-88
-94
-80
-60
-74
-85
-80
-57
-87
-74
-69
-66
-69
-75
-72
-62
-58
-78
-69
-78
-94
-82
-89
-98
-99
-86
-81
-118
-113
-75
-100
-92
-92
-93
-86
-98
-85
-85
-76
-76
-79
-73
-80
-70
-69
-59
-68
-71
-72
-70
-63
-53
-57
-72
-56
-49
-55
-38
-53
-45
-54
-48
-55
-69
-47
-41
-37
-53
-53
-55
-44
-48
-22
-36
-37
-20
-24
-28
-21
-12
-15
-16
3
-18
-21
-5
-7
1
2
4
1
-3
4
8
-5
-3
19
5
9
6
6
8
11
12
10
20
30
8
31
37
49
48
22
39
48
49
42
47
43
46
46
50
51
55
53
57
46
43
50
42
42
44
39
40
22
29
52
29
51
61
62
40
49
58
53
64
57
60
68
71
84
66
66
71
73
58
73
51
66
60
51
72
72
52
68
52
52
50
53
49
57
62
53
57
12
16
34
25
12
21
36
38
32
44
32
23
29
55
38
36
33
26
30
40
32
29
33
26
23
16
16
8
23
7
6
14
11
8
-7
7
2
19
20
5
17
17
20
15
11
9
16
21
24
21
32
19
19
8
13
26
9
-2
-6
20
8
12
7
11
5
-3
-6
-4
3
3
-4
9
1
1
30
-2
26
7
6
11
12
9
1
16
7
12
10
18
11
1
18
10
10
9
-7
-12
-5
-19
-16
-12
-7
-22
-7
-1
-14
-27
-19
-3
-15
-1
-7
-11
9
-9
-6
-12
-27
-8
-14
-14
-25
-14
-35
-44
-40
-63
-46
-38
-48
-59
-61
-55
-75
-66
-51
-68
-76
-82
-72
-71
-89
-71
-86
-71
-62
-62
-63
-67
-59
-59
-49
-60
-58
-68
-84
-62
-67
-72
-69
-82
-80
-93
-95
-94
-92
-86
-101
-107
-95
-84
-109
-93
-88
-87
-74
-108
-79
-78
-73
-61
-76
-67
-56
-47
-41
-51
-61
-48
-50
-34
-45
-27
-42
-40
-49
-46
-50
-54
-42
-54
-48
-61
-52
-37
-58
-52
-62
-92
-100
-88
-77
-58
-58
-60
-34
-37
-38
-45
-42
-49
-40
-37
-28
-10
-15
-4
-32
-19
-21
-18
-6
-18
-19
-18
-27
-17
-28
-11
-19
-26
-20
-2
5
1
4
25
22
27
31
21
33
23
31
35
64
65
63
67
54
61
46
62
52
40
56
39
42
55
66
52
41
43
49
51
42
45
46
48
29
51
57
56
42
49
59
41
28
35
33
34
18
20
14
6
20
4
6
14
3
8
12
9
10
20
20
8
11
7
-7
3
3
8
10
19
37
22
32
47
38
45
44
30
58
39
40
37
46
49
56
21
32
45
36
30
31
41
37
39
39
35
42
34
37
48
30
29
30
52
45
42
34
34
47
59
55
60
51
47
48
36
44
48
35
23
40
34
32
17
11
32
31
28
16
13
15
19
12
11
17
5
7
22
3
16
15
2
15
16
21
35
31
32
30
36
34
21
32
36
5
-5
-21
-19
-21
-12
-25
-20
0
-14
-8
-19
-11
-13
-9
-4
-26
-32
-13
-28
-10
-12
-5
-14
1
0
2
9
-3
3
1
6
2
-7
-9
-13
0
-18
-14
-12
-15
-28
-19
-22
-50
-32
-42
-20
-28
-29
-35
-40
-42
-37
-26
-34
-43
-44
-41
-35
-43
-60
-57
-62
-65
-64
-60
-66
-65
-71
-86
-97
-96
-92
-98
-108
-102
-104
-88
-88
-114
-108
-107
-108
-110
-108
-105
-123
-102
-91
-96
-80
-92
-96
-77
-80
-92
-89
-81
-80
-88
-72
-77
-71
-77
-90
-70
-87
-101
-76
-84
-82
-95
-91
-86
-84
-83
-83
-74
-82
-77
-81
-73
-67
-63
-59
-57
-43
-34
-25
-37
-18
-31
-18
-13
-22
-36
-26
-29
-26
-23
-18
-26
-36
-24
-34
-34
-46
-39
-35
-48
-50
-51
-39
-28
-35
-44
-45
-27
-18
-24
-16
3
-1
-7
3
11
12
16
20
23
7
15
34
13
26
25
27
42
49
60
35
36
64
35
66
53
44
57
53
56
65
83
78
79
67
93
78
88
76
77
99
66
76
71
83
70
61
59
13
6
22
28
17
23
18
24
44
42
27
39
54
42
51
74
61
70
78
74
76
86
83
73
79
100
77
83
98
106
103
99
88
88
77
73
78
69
65
69
56
54
39
42
36
40
50
35
29
39
45
43
40
47
52
37
31
28
40
36
42
51
43
30
34
38
36
32
17
14
26
31
12
11
16
20
6
0
5
-8
-3
-30
-13
-6
0
-5
-3
-2
7
-2
-3
11
-12
-13
-1
3
-5
-16
0
-10
-4
-14
-8
-24
-24
-15
-10
-12
-23
-13
-10
-11
-19
-9
-20
-28
-21
-14
-18
-8
-14
-19
-12
-7
-13
-26
-8
-25
-25
-25
-27
-14
-37
-27
-29
-33
-22
-18
-36
-45
-31
-41
-38
-58
-41
-39
-47
-44
-57
-19
-48
-37
-45
-40
-31
-37
-31
-21
-31
-31
-17
-26
-20
-29
-21
-13
-14
-23
-16
-27
-14
-23
-34
-31
-52
-47
-45
-59
-65
-54
-48
-69
-86
-66
-77
-74
-78
-57
-81
-89
-83
-80
-91
-136
-119
-124
-126
-115
-102
-100
-117
-102
-99
-102
-97
-99
-87
-82
-96
-95
-83
-82
-82
-85
-101
-80
-81
-71
-81
-96
-53
-65
-68
-53
-57
-37
-44
-45
-47
-43
-33
-38
-40
-29
-22
-23
-12
-4
-8
-9
-6
-12
3
-2
3
-6
-19
-10
-11
-8
4
-8
-8
-2
-13
-13
-7
-11
-11
0
3
1
8
4
7
7
7
14
5
18
32
23
20
23
19
18
26
14
31
30
31
36
22
39
44
30
42
28
32
48
46
69
67
60
58
74
72
62
74
85
93
104
92
85
96
113
100
94
86
78
84
79
75
58
53
66
52
51
46
33
34
13
29
10
14
7
-1
12
9
3
12
24
21
46
32
33
45
27
19
28
40
41
29
26
35
12
33
17
7
6
9
20
5
12
17
13
19
5
18
20
14
18
41
34
33
46
37
44
39
25
41
37
28
32
26
36
26
31
33
39
29
12
12
29
33
14
18
16
22
10
15
10
14
20
31
30
6
10
19
-16
-3
-9
-14
-3
0
4
11
4
-4
5
9
20
11
20
16
10
12
26
26
24
21
20
16
12
19
31
18
11
7
9
18
21
5
17
20
18
19
10
17
11
26
13
21
22
19
17
16
7
8
-5
6
-6
-4
-7
-3
-2
-20
-5
-28
-18
-33
-41
-24
-33
-26
-36
-47
-18
-33
-25
-19
-26
-3
-24
-24
-16
-11
-30
-26
-10
-21
-21
-21
-17
-27
-31
-15
-44
-50
-47
-63
-44
-65
-69
-57
-74
-79
-73
-79
-84
-83
-84
-86
-89
-64
-70
-78
-64
-80
-60
-57
-47
-50
-72
-65
-59
-69
-70
-84
-77
-69
-68
-69
-84
-77
-85
-73
-87
-76
-89
-89
-88
-88
-78
-95
-69
-60
-71
-78
-54
-48
-76
-70
-49
-58
-42
-38
-45
-36
-32
-42
-33
-29
-22
-17
-19
-25
-24
-9
-16
-16
-15
-30
-31
-26
-23
-30
-37
-19
-28
-10
1
-5
-12
3
8
-4
-2
-11
-6
-3
1
0
-1
-10
-2
-8
-7
-1
4
7
-19
-58
-45
-51
-21
-28
-28
-20
-30
-11
-11
-12
-7
-4
-7
4
2
-2
9
24
15
21
32
46
51
44
41
43
33
38
34
38
32
47
32
50
34
27
33
16
24
20
16
6
8
6
18
15
18
12
21
24
29
18
25
39
29
36
44
36
30
35
45
59
42
52
51
54
47
31
40
21
34
21
23
41
26
28
41
42
31
25
36
48
42
52
53
48
63
53
46
55
52
53
44
42
44
49
72
72
40
51
56
40
39
33
29
24
33
30
14
32
18
19
27
12
37
32
27
20
36
44
36
30
36
50
60
71
58
59
55
51
73
52
52
41
47
52
41
49
36
47
27
35
36
28
37
37
33
32
32
40
46
49
55
62
52
47
59
47
43
51
51
65
50
42
41
64
49
35
32
30
20
8
8
8
6
3
-7
5
-2
-19
-3
-21
-33
-6
-21
-25
-27
-15
-16
-28
-23
-28
-19
-7
-19
-22
-3
-22
-11
-12
-13
-7
-26
-37
-28
-30
-81
-102
-81
-88
-87
-65
-61
-76
-66
-63
-80
-82
-76
-75
-47
-68
-78
-62
-71
-76
-69
-75
-72
-62
-70
-67
-53
-60
-59
-71
-75
-61
-55
-82
-72
-56
-94
-83
-85
-80
-90
-109
-105
-106
-104
-98
-101
-99
-93
-101
-94
-84
-95
-105
-103
-93
-91
-78
-77
-82
-67
-76
-73
-65
-80
-66
-69
-70
-64
-70
-86
-65
-72
-70
-82
-59
-55
-68
-42
-59
-57
-44
-50
-39
-52
-27
-25
-12
-22
-31
-9
-14
0
-3
-7
-2
-5
-10
-27
-7
-10
-22
-19
-11
-14
-14
-11
-20
-20
0
-9
-5
1
-7
-2
-3
3
3
10
16
-2
7
21
23
18
9
34
44
40
44
47
49
62
60
38
63
58
57
56
58
69
42
42
28
46
39
29
29
30
33
22
13
37
31
23
28
34
40
35
52
39
30
42
38
31
40
34
27
29
20
26
24
11
25
7
7
31
3
26
26
22
5
3
30
16
18
19
12
13
19
22
16
17
0
-16
1
4
8
19
10
36
33
32
27
17
26
19
15
5
2
-5
16
0
7
6
-1
-7
-11
-2
-3
1
7
-4
7
12
3
3
8
17
16
8
11
43
27
17
36
23
11
29
41
29
20
29
15
30
24
11
27
17
32
31
30
23
32
41
44
46
59
48
29
48
44
52
50
62
60
51
63
53
58
63
58
59
53
51
36
52
40
30
29
11
22
5
6
5
7
-1
11
14
-12
-2
3
-5
-7
3
-10
-1
-7
-12
-1
5
-10
-1
4
6
9
-4
3
0
3
-19
-12
-1
-11
-24
-31
-31
-24
-27
-24
-29
-35
-24
-37
-35
-30
-43
-43
-26
-33
-24
-9
-26
-28
-14
-31
-23
-29
-39
-20
-11
-30
-48
-57
-31
-60
-57
-39
-53
-77
-86
-82
-76
-63
-80
-79
-76
-80
-73
-82
-93
-70
-79
-70
-68
-69
-55
-55
-63
-72
-74
-59
-67
-49
-61
-66
-67
-56
-52
-71
-71
-72
-68
-73
-53
-76
-75
-59
-69
-73
-65
-58
-68
-72
-62
-63
-52
-32
-43
-69
-94
-70
-58
-44
-44
-39
-27
-29
-21
-41
-19
-25
-25
-7
-16
-15
-26
-18
-29
-21
-14
-13
-20
-20
-15
-15
-10
-21
-5
-14
-7
-10
-10
0
1
3
9
27
43
23
41
34
30
36
28
31
28
36
29
21
10
26
28
26
38
38
36
28
45
51
37
41
51
46
35
44
48
46
38
44
41
47
35
32
37
47
34
25
34
30
23
25
20
37
31
11
16
0
3
-9
9
23
2
4
6
2
15
13
23
31
30
50
25
33
51
43
58
57
71
66
47
68
63
61
58
48
69
60
49
44
49
40
44
50
37
37
62
43
31
51
57
42
50
50
52
58
55
43
47
65
52
57
57
67
48
56
64
67
51
44
45
45
46
59
51
37
34
36
47
46
56
32
34
37
27
41
37
33
33
56
44
41
42
49
56
54
47
40
48
59
42
40
64
49
60
46
45
35
42
35
44
31
-17
-9
-3
-2
7
1
2
2
-6
-3
4
1
0
5
10
13
10
17
16
0
17
20
5
11
9
2
4
-1
-3
1
-7
6
-3
-3
1
-23
-13
-23
-14
-2
-7
-22
-17
-21
-15
-18
-34
-22
-15
-23
-25
-11
-22
-3
-24
-25
-19
-22
-12
-7
-15
-15
-17
-42
-27
-23
-44
-44
-45
-62
-59
-51
-67
-54
-56
-65
-59
-57
-60
-63
-50
-63
-54
-54
-32
-61
-54
-38
-70
-61
-54
-43
-37
-63
-63
-53
-68
-63
-61
-56
-48
-65
-68
-63
-79
-86
-68
-64
-62
-60
-56
-51
-41
-39
-38
-38
-40
-15
-36
-36
-13
-15
-10
-11
-17
-20
-19
-8
-10
-7
-7
-10
-7
-14
-11
-15
-17
-9
-5
-12
-16
-15
-2
-2
-20
-7
-17
-6
-3
-14
-15
-6
-14
-11
-8
3
-12
-7
0
18
14
1
9
12
10
15
13
18
0
0
14
15
11
16
16
6
11
2
8
5
7
30
14
25
28
39
35
30
47
24
38
38
40
66
39
56
43
41
44
35
58
48
37
37
22
28
25
-4
-18
-10
-5
-14
-1
-10
-8
3
-7
6
18
9
10
21
10
6
18
18
31
39
39
42
34
45
31
37
50
32
31
25
23
9
31
12
2
11
15
23
15
1
12
18
5
6
23
37
20
12
21
6
19
24
19
28
32
33
14
31
37
31
40
16
32
50
29
27
35
25
27
28
35
30
23
33
24
14
28
28
22
27
16
3
10
30
37
21
31
50
46
44
46
43
61
60
54
43
46
58
56
55
46
39
53
61
45
45
41
46
31
37
52
49
51
57
33
39
39
40
37
40
57
43
46
47
59
54
62
60
55
57
49
40
34
28
33
26
9
-6
14
22
11
-2
-13
-1
-16
-1
-10
-11
-8
-6
10
-8
-11
2
-2
23
-3
5
8
-7
22
-14
8
-6
-14
-22
-25
-9
-25
-12
-65
-45
-35
-38
-45
-80
-62
-70
-74
-71
-79
-73
-75
-82
-63
-62
-76
-64
-34
-75
-71
-68
-72
-98
-109
-59
-74
-93
-54
-63
-58
-78
-91
-44
-63
-66
-47
-97
-64
-93
-90
-67
-48
-90
-73
-78
-79
-56
-84
-66
-68
-44
-76
-49
-27
-55
-43
-19
-43
-24
-26
-25
-29
-78
76
-25
-167
35
101
-81
-187
32
297
-203
-243
-45
381
-101
-360
-55
319
147
-571
-67
324
415
-552
-324
407
339
-351
-422
703
81
-729
283
411
-77
-258
-212
638
-203
-271
268
-124
10
394
-609
1244
-1471
6511
-6160
-13466
18251
4505
-5617
-15143
4633
27384
-29762
-9747
29724
5157
-13392
-25055
18568
19093
-32626
-2239
13700
-3222
-14077
-7740
21109
-2202
-23148
5270
5958
-5267
-17313
5103
14932
-9709
-11958
2998
5572
-4289
-9958
6985
7027
-6031
-4939
1357
5570
111
-7830
3831
5567
-5499
154
569
5412
-702
-1570
5403
-342
269
1631
3207
4242
-1921
1687
3053
2262
1459
-378
4400
2868
-2102
2963
3684
1962
-612
1873
3814
-302
-577
2220
1030
1460
-72
3483
586
-2520
1327
2465
445
746
206
1314
-330
-2075
3111
-684
14
-211
1530
-233
-1242
-1284
897
149
-390
3244
-2570
-2189
-551
1705
-706
-4643
5822
-3880
3232
-3728
-2750
3020
-3713
3715
543
965
-656
-3222
3354
-1970
-2556
1298
-107
1655
458
-3265
-2388
-533
802
111
-515
-3003
3099
-446
-688
970
-3324
-1839
75
148
2089
-3391
2201
3741
-3416
-1754
1187
1591
3012
-6358
3725
2398
-613
-2051
-2561
4932
151
290
-1596
5353
-5248
1778
1082
-310
3471
-814
-843
-1560
6681
-2243
-2285
2026
349
3760
-3157
2504
929
-2810
-65
-275
900
-2443
-789
2691
1441
-4850
4275
-2555
1029
467
-280
2091
4071
-5374
-1231
4555
-1286
-995
-2505
4635
-2114
1634
-7616
1303
5426
-5843
-1682
-1475
2140
1453
-2281
2823
-5181
-715
1221
-630
2279
-3518
5180
869
-5179
2209
-2818
3560
-2724
-116
4607
-898
-3690
-907
3041
-2752
1124
-4056
6199
-2933
-3152
1995
2439
1632
-4617
1736
-2025
3688
-1670
-1327
447
736
205
-2842
1650
-1498
-708
2699
587
-3601
3181
1317
334
1534
3232
485
-2789
3
1716
1523
-1410
1003
1534
1521
395
-392
-860
4681
-2405
-194
2540
-2570
2984
1065
1783
173
-5112
-333
-187
4000
-430
1090
-1876
-1788
3775
-672
-1602
1706
4396
-2425
881
2935
-3172
911
2715
-3889
4705
-2640
-2868
4751
-3085
894
-4492
4598
-3477
411
367
-670
-588
2137
-3068
1371
3789
-5059
-273
3200
539
3126
-5323
-758
2141
-1531
-227
4598
-4113
-2480
3883
-1323
-2805
-1915
2635
2300
-623
-7802
6339
3881
-2073
789
-1671
179
-70
-1865
2974
57
-3094
-2649
829
1820
-778
-1136
-188
4603
2195
-1409
2253
-1647
2728
-4532
3604
5358
-4897
306
-646
1144
-145
556
-1073
2068
-4868
5306
70
-1838
1185
-2486
1374
-2938
-228
2119
-170
-2033
-455
-3260
4881
-2321
259
1288
322
-385
-2083
905
3580
-5368
2195
-4225
5141
-2251
1253
1707
-293
3030
-3571
1178
3386
-2777
3958
-1530
1483
1611
-3700
1761
-1491
-465
1858
-1628
-970
288
1041
2024
-4826
2517
1822
-1862
763
3306
-2993
79
-294
1673
-1450
-3225
3004
-2029
1381
-818
-624
1141
-3718
3233
-1207
1876
-2326
1235
-1421
2976
-454
-608
-1926
248
3546
-3459
3662
-2547
3141
-3319
-819
1139
1162
300
-2093
2496
-1301
270
-860
108
1129
1612
-1719
164
535
-833
2547
75
-3945
-1017
4736
-340
-175
-632
1689
-208
-1556
4606
-476
-529
1156
-2598
2331
-503
540
-1194
2441
-3818
376
2915
-3537
2090
-1031
1473
-4269
1720
2835
-3691
-2987
428
4373
-2934
1202
-1060
-2681
4205
-5041
525
416
-291
563
554
-1231
1152
2468
241
-3424
2412
1002
-1205
3130
-2760
1750
-1989
-1425
-463
991
-51
-160
-1767
2029
-1615
-1335
540
-1704
1430
-3292
1021
-244
-1319
1499
-2986
2298
-2205
-622
-3206
3499
-627
-1077
-1060
454
2409
-9364
6905
-2106
-1851
2086
-358
-246
1257
-2462
1091
1887
-1472
1033
-545
3693
-5228
-1117
1165
-284
1418
-4301
5491
-1399
-938
474
767
1762
-3866
1727
1183
2513
-3253
-87
3617
-1938
635
-2008
1143
2239
-4503
5184
943
-3264
414
-627
3876
-3190
1443
-674
3160
-2198
-517
3195
-2928
-660
2825
-1715
104
1138
-188
-256
600
-1202
2736
-40
-2569
1104
131
1103
-2639
2545
387
327
-5900
1752
4414
-2407
-1032
1110
1352
-2972
1450
-61
1068
-2332
-1042
2122
-381
-61
97
3373
-2673
32
2510
-551
478
-334
529
574
690
-990
-1102
-1395
-2158
6153
-4547
628
4088
-2834
-2054
1212
2468
-1731
-333
-1100
3493
-3343
-617
3549
-4020
2569
-4290
2192
2903
-4438
3540
-4275
5466
-2965
597
390
-1206
-1045
-464
4449
-4175
2665
-2480
282
-1579
3944
-1162
-921
2004
-1473
1155
-1166
3067
-400
-381
-1167
4148
-3174
1110
-126
-2110
1202
2830
-4848
3683
-2680
-637
2547
-1282
-1307
607
-500
2087
-1185
-882
1480
-1305
149
-326
2016
834
-1488
-156
722
-10
-349
-969
587
1654
-1569
982
-883
-2017
970
1578
-3152
2076
340
962
-2190
1855
-2313
1043
1023
-930
-886
656
712
-1438
-290
-295
-755
2749
-1680
-1143
2921
1000
-2373
-631
1313
913
-1264
-308
1189
-3
1164
-2579
3132
-1948
-276
2401
-1890
1070
-1354
2665
-1651
-236
1408
-1178
919
-3709
5105
-1387
-1801
1610
-385
1988
-445
-1392
-1246
3450
-2414
39
1787
1711
-1390
-1910
1237
-1404
1630
-3012
2243
611
-1463
1473
-1383
2328
-2746
-292
2470
-914
175
-182
-468
-984
951
1755
-646
-322
-161
-454
602
1035
-2947
2262
-233
-1444
-9
406
1299
-924
901
-819
626
-950
210
266
-612
-1151
-824
693
660
577
687
-600
-1359
1148
-2221
314
2074
-912
1055
-1315
475
-1153
463
-235
816
1569
-2932
452
2355
-2428
-456
1812
-2387
2713
-4830
2385
1348
-1113
-1073
-458
544
375
-725
-2101
3481
-2931
-180
1968
-1619
1065
-1918
-785
2760
-1567
887
-1910
2258
-589
-540
1752
-165
2159
-4408
1988
-22
698
971
-2806
1276
1076
-3001
1477
506
-1501
989
-844
-125
1231
-1960
1760
-1816
-20
-481
-4
241
-339
-1106
-312
1838
-2282
345
1649
1033
-2043
-288
784
649
-542
715
1453
-1511
377
740
-564
144
1294
-524
20
-1276
1950
-1236
798
-2472
1558
1131
-1202
-766
124
855
-587
-709
-72
1905
-1303
-866
-1065
453
1058
-883
1506
-1131
618
641
341
767
-693
238
-133
-772
1597
-2570
3174
-2085
-1755
1752
1088
-487
1485
-2189
1917
-1942
83
534
-592
2092
-1757
-55
773
-441
1269
-2035
1397
157
567
-40
636
-526
-681
-1311
3587
-1466
-2022
3617
-2453
1710
-1562
90
2523
-3695
2235
184
1751
-1054
-879
772
2108
-321
-541
1063
-1023
-53
561
723
1615
-2965
1905
-2508
3410
-3162
1300
1414
-426
-42
-413
2568
-2946
160
489
-300
-93
1565
-2497
853
1075
-1211
6
869
408
286
-82
2666
-738
-1618
297
-246
901
-2252
321
374
1419
-2888
-407
793
-198
-392
601
469
584
-1473
-1808
2116
-164
-1781
-313
1542
-382
-735
-848
2639
-870
-439
-2017
558
732
-482
139
227
-57
-128
-2011
4178
-2232
962
-1114
375
866
-1457
571
153
1318
-1769
2739
-758
760
12
-1048
2918
-1940
196
989
618
2
5
1647
-1557
908
-158
692
-1154
1378
-79
-1644
1003
-2423
3581
-2117
-1184
1930
-1400
1804
-1256
1145
-482
529
-1472
1086
-833
92
1023
-3623
5228
-3466
1737
-2703
2749
-304
-2550
2870
-1462
479
-626
743
-598
-1709
1297
-1133
1340
-804
-392
-398
346
-67
542
78
-1949
1373
373
-1017
-1549
1230
-362
818
-482
-834
331
174
-465
450
-1433
1257
-137
-1121
912
-1664
-148
394
777
-1205
1264
-164
-1368
844
-959
1594
-30
-416
-417
172
50
-529
1360
-1324
1471
-1385
1562
-952
583
-517
1624
-219
-2435
3636
-2968
2142
-1282
1534
343
-2616
2553
-910
161
403
-637
455
-551
632
-984
1300
-866
1613
-1879
2146
-1349
1170
128
-793
796
-765
584
-699
-265
1549
-1373
1017
-546
662
863
-1603
1483
-980
223
-701
344
-294
193
-271
349
-1174
-3
-272
-501
-139
956
-168
-486
599
-1442
1878
-916
-129
785
-1491
2435
-2667
669
111
-1377
983
920
181
-326
190
-116
-38
-472
-195
-204
876
-1661
1739
-1379
864
-1199
1108
-411
-55
874
-498
678
-931
650
-230
-1002
2360
-2531
1633
-663
16
444
145
-575
153
1257
-1760
1265
951
-300
-1110
1195
522
-310
-598
1066
587
-1013
-400
359
-316
576
412
-515
933
-1314
55
155
-282
-36
98
956
-644
-544
1164
-935
723
971
-951
557
1020
-1650
1018
-311
136
273
51
-741
619
950
-1956
1506
-611
368
-842
1200
185
-567
615
-372
873
-1354
231
610
526
-96
-834
1152
-708
720
-371
822
-1110
1168
77
132
764
-1066
1229
-435
117
690
-648
621
365
498
151
-788
-413
1512
-1008
-224
985
-20
1518
-1254
198
561
-70
321
-851
1391
-42
746
-1180
1112
-150
10
783
-1018
1387
618
-125
174
-186
552
-679
609
-986
351
559
-102
544
-855
982
-1483
835
163
264
612
-275
772
-374
231
-480
931
106
-505
-214
420
-57
-789
1032
-131
745
-926
566
95
-35
-699
172
1386
-1210
780
-376
-330
494
-435
-179
226
409
-149
132
-494
-1178
1688
-240
59
267
-327
-65
547
-1719
918
-669
895
642
-1427
779
-725
84
119
285
-729
343
77
-214
481
-1223
328
-304
581
116
-501
501
-861
1338
-1326
1328
-979
475
991
-1449
398
269
238
-765
1364
-866
1390
-1192
-28
1164
-1329
1134
-128
679
-460
-1134
805
-774
1109
-795
-303
490
214
-919
963
-704
-277
566
-734
945
-767
457
150
-109
-420
-107
889
-427
18
-363
322
200
32
34
-486
632
-750
490
286
37
144
-37
-336
2
-507
819
-286
-614
1116
-1262
322
-22
-237
168
-261
-620
848
-1069
851
-550
-15
474
-703
273
-9
162
182
-239
350
-394
238
-52
-132
100
-434
145
-520
396
-707
-31
172
40
-951
936
-538
-284
336
-467
220
-609
893
-540
-21
-592
544
0
-667
358
384
-269
49
-114
479
-215
-251
193
480
-626
294
724
-926
437
-264
258
-12
-865
209
917
-3
-833
731
47
-381
467
149
472
-144
183
-410
715
180
-339
484
-330
13
750
-740
1403
-697
302
31
-33
16
-4
72
346
380
-923
410
28
-333
605
-215
298
-151
110
137
364
-388
246
200
-775
735
77
873
-793
55
863
-249
568
-306
138
773
-417
250
69
640
-330
283
54
107
487
-334
788
56
-45
205
297
77
544
142
41
443
52
77
548
-184
680
501
-115
896
29
-376
954
-164
142
62
612
-25
-48
445
-200
70
-111
520
-55
403
312
-290
427
75
218
111
-449
219
634
-1069
623
-212
88
47
-168
927
-514
-37
-62
-434
316
804
-225
-416
367
273
-329
560
53
443
-72
-227
570
554
-618
-901
772
582
480
-429
-17
907
-709
556
-380
-183
545
-734
349
-224
420
-46
233
-1106
209
1623
-925
195
-22
2082
-683
5440
1496
28648
15213
-32768
24507
30991
-32768
4221
32767
-3489
-32768
11691
25267
-32768
-23723
26388
32767
-17542
-32768
14366
32767
-985
-32768
5955
32767
-11648
-32768
19563
32163
-26078
-32768
22157
26875
-28056
-15767
17148
2021
653
4103
-18075
-2463
30308
-9434
-27735
8209
31209
-11788
-32768
14472
29261
-12361
-26095
15581
19777
-18375
-11594
15785
1619
-5717
-6146
6637
-899
-3250
5691
-4748
-10441
4140
11254
-6236
-10950
5537
13872
-12954
-11559
9964
14628
-17086
-12254
14345
8147
-11319
-5110
5795
-1913
377
-2880
3022
-1511
2877
639
-14538
174
18095
-12927
-12548
13741
3374
-3962
-3702
-22
3036
-1287
-6485
3624
4499
-5525
527
2837
-1779
-2146
6273
380
-13332
3733
12201
-9207
-7040
6616
6290
-9965
-2405
7825
-403
946
-9213
3607
8217
-8743
-3699
5578
2247
-4032
-4787
9162
-403
-5314
4342
-1500
-2516
3758
-2636
1325
-8273
7687
4475
-10361
3749
1095
2079
-7125
6284
-2436
-3538
8140
-4328
-3054
260
7750
-2031
-9811
3312
11227
-7429
-9722
9101
7954
-6982
-8442
8279
8264
-7781
-11582
12813
6151
-13473
990
9483
-2172
-5866
3707
487
-1507
576
-871
-1423
5066
731
-5149
2222
2847
-3897
-1701
6395
-519
-7162
2720
5946
-6348
-1808
5425
-1225
-2196
2273
-1137
3433
-66
-2277
-68
2742
2111
-6807
1031
5341
-371
-4819
116
5162
2209
-8463
-299
12387
-6080
-9822
8428
5018
-7166
418
4458
1877
-4297
-3072
4693
2927
-5979
-1890
8518
-3169
-5426
3518
3372
-2535
-3
3643
-556
-1207
2454
1866
-4770
1762
2899
-3631
953
1713
-1042
3972
-1036
-6473
6995
5358
-7425
-3285
7380
1298
-7696
181
8737
-3067
-6492
5547
1609
-2559
570
-563
1034
2273
-2891
1758
2311
-839
1575
-2630
-462
707
-14
636
-3866
3174
5026
-3345
-2814
3751
4272
-5928
-2562
4943
586
-2110
-36
2136
-1322
153
-209
1346
-1510
-4315
6429
1099
-5061
1928
2378
-2127
-1424
-327
4862
-180
-3562
2253
1930
-1886
-1980
1412
-1019
-1395
3339
902
-6693
3014
6350
-6284
-4876
7534
2502
-6314
-1857
7393
-886
-2997
-814
789
4213
-3527
-4163
4062
2675
-2677
-1394
1541
4038
-2264
-2126
1933
-23
984
-2196
-847
3337
497
-3961
2328
2026
-3376
-127
2882
-803
-3629
1897
3100
-289
-4130
1402
4123
-2273
-2904
2294
2097
-2166
840
367
703
-611
-942
-1139
2507
434
-3950
2617
2896
-1106
-3304
1816
2997
-3556
379
665
-1907
2768
-559
-3799
4479
-123
-2879
1086
2112
-644
-857
2274
-1883
-848
745
2579
-3717
1116
3229
-2232
896
-1555
2805
-474
-1612
-676
1932
728
-2743
-1331
2573
2915
-2548
-2758
2598
2011
-3407
-1556
2909
2602
-3815
-3343
7260
994
-6994
1995
3930
-2054
-3508
4049
77
103
464
745
-1183
-285
1865
-1792
-1302
475
403
959
1325
-1910
700
411
-1194
650
476
-195
-445
2768
171
-3576
3025
1778
-4244
2505
2009
-3355
3710
1258
-3471
864
2282
-1778
-2107
2462
2266
-1240
-2957
1788
1592
-2117
870
-448
-663
1870
707
-2970
1479
1261
-1139
-30
-801
2124
833
-1290
25
90
1291
49
-2127
1265
2102
-305
-3611
2289
4747
-4644
-3346
5602
-197
-3415
2124
2807
-1743
-794
3465
-1955
-2554
2648
837
-2600
-111
3884
-768
-1713
225
1343
806
-924
-587
875
2221
-2196
-1176
3239
1515
-4617
-234
4823
-1026
-1670
1425
-415
1613
-2204
-124
2641
73
-1737
-1884
4060
1000
-2965
169
3866
-1170
-1517
1929
-420
-94
-2518
1575
2892
-2490
571
1191
329
292
-566
-904
54
993
-857
-1276
2514
1129
-3469
3042
1361
-3166
1852
1096
-1747
-834
1944
1195
-2519
138
3214
-1046
-2176
3462
-1604
-2159
4082
-284
-3799
3617
1137
-2277
-2059
2875
