-294
-298
-309
-297
-294
-291
-315
-330
-328
-319
-294
-297
-313
-310
-323
-333
-322
-329
-340
-342
-351
-339
-340
-348
-361
-363
-353
-360
-355
-359
-362
-362
-374
-385
-374
-386
-390
-375
-366
-362
-384
-379
-373
-379
-361
-359
-360
-369
-377
-372
-390
-386
-368
-371
-374
-384
-408
-407
-400
-392
-389
-378
-374
-394
-397
-395
-391
-389
-379
-396
-402
-406
-418
-421
-416
-415
-418
-422
-439
-419
-419
-422
-420
-431
-436
-451
-457
-449
-449
-438
-445
-453
-438
-455
-454
-458
-452
-439
-450
-463
-457
-439
-440
-452
-448
-457
-477
-461
-468
-471
-460
-477
-479
-474
-485
-474
-470
-470
-463
-454
-456
-466
-481
-480
-481
-496
-472
-474
-487
-502
-492
-481
-470
-454
-459
-479
-484
-474
-487
-464
-452
-459
-454
-444
-450
-458
-447
-455
-438
-420
-423
-420
-416
-411
-423
-418
-416
-416
-403
-408
-404
-398
-396
-401
-396
-398
-396
-397
-392
-384
-383
-394
-400
-396
-392
-392
-395
-398
-396
-405
-398
-372
-411
-398
-397
-410
-401
-411
-408
-402
-393
-369
-370
-379
-398
-405
-408
-413
-399
-398
-396
-392
-405
-401
-400
-406
-393
-398
-417
-415
-417
-421
-411
-427
-434
-428
-428
-407
-407
-413
-415
-405
-392
-404
-403
-405
-419
-405
-383
-405
-420
-410
-415
-399
-409
-410
-406
-407
-402
-401
-395
-412
-405
-391
-392
-398
-391
-393
-385
-391
-390
-386
-388
-379
-380
-376
-371
-384
-385
-395
-388
-386
-404
-409
-415
-396
-393
-397
-403
-396
-400
-402
-393
-405
-413
-404
-412
-401
-392
-412
-408
-407
-409
-401
-414
-412
-425
-428
-424
-415
-409
-441
-458
-434
-416
-412
-415
-429
-434
-447
-444
-444
-450
-436
-447
-443
-443
-453
-462
-455
-469
-485
-465
-459
-481
-475
-493
-486
-485
-488
-495
-493
-482
-492
-495
-504
-491
-493
-490
-483
-475
-487
-493
-504
-503
-492
-493
-489
-502
-506
-498
-506
-509
-517
-518
-502
-507
-512
-525
-528
-532
-515
-515
-519
-509
-501
-497
-491
-476
-481
-495
-493
-487
-482
-471
-465
-461
-461
-467
-480
-471
-446
-438
-446
-438
-458
-468
-443
-436
-413
-411
-413
-433
-429
-401
-405
-410
-394
-389
-398
-400
-394
-378
-367
-367
-389
-387
-391
-400
-378
-380
-380
-376
-375
-382
-408
-401
-393
-402
-392
-390
-406
-417
-414
-426
-420
-419
-443
-460
-464
-463
-460
-451
-456
-473
-490
-482
-487
-491
-461
-458
-470
-478
-469
-455
-434
-418
-403
-397
-401
-390
-386
-355
-340
-334
-307
-288
-283
-269
-249
-230
-201
-181
-173
-172
-170
-176
-156
-146
-153
-136
-150
-166
-172
-162
-151
-142
-151
-167
-158
-164
-166
-158
-146
-126
-136
-170
-171
-173
-185
-201
-210
-216
-239
-247
-256
-258
-265
-272
-281
-275
-285
-298
-291
-284
-283
-268
-246
-274
-278
-275
-285
-276
-284
-279
-268
-266
-262
-275
-264
-255
-245
-239
-234
-215
-195
-175
-201
-192
-186
-190
-180
-173
-174
-178
-161
-147
-146
-153
-158
-173
-184
-183
-197
-192
-183
-179
-193
-186
-192
-212
-199
-201
-222
-220
-217
-225
-229
-238
-251
-274
-280
-284
-301
-310
-290
-280
-304
-306
-303
-297
-288
-294
-283
-286
-297
-290
-283
-292
-293
-291
-289
-285
-293
-290
-291
-274
-248
-238
-226
-236
-237
-211
-192
-174
-175
-166
-159
-173
-157
-153
-139
-130
-122
-106
-113
-109
-112
-106
-83
-68
-61
-57
-75
-54
-36
-36
-35
-20
-24
-29
-28
-5
0
-10
6
-4
0
0
4
-10
-3
9
9
3
-5
-16
-2
18
14
30
35
25
17
17
21
29
41
34
52
50
49
41
27
39
38
45
36
39
48
68
78
76
101
91
79
86
75
80
91
97
94
82
79
87
88
82
83
78
78
94
83
93
108
100
108
104
110
106
108
122
135
131
113
112
110
110
132
121
111
119
115
110
103
101
114
117
99
105
92
108
106
111
115
90
90
93
88
84
95
98
102
105
107
103
89
94
108
105
99
109
106
121
134
127
126
124
117
135
140
131
142
122
135
147
135
128
133
130
144
145
139
127
123
132
146
150
147
136
141
141
153
155
147
168
161
167
158
138
161
161
154
179
182
177
165
161
158
174
167
162
175
176
182
187
183
182
167
157
182
197
212
216
201
193
216
216
226
237
243
243
226
234
215
231
226
227
246
239
222
223
223
241
232
222
209
202
218
217
221
229
215
204
203
203
214
213
227
212
215
207
204
207
208
211
206
196
196
194
200
203
196
200
203
204
213
229
243
242
236
233
220
234
254
237
229
226
222
225
224
220
223
231
226
228
223
221
225
226
239
233
232
227
215
235
230
222
213
212
205
195
204
202
218
206
188
187
188
186
191
200
180
202
187
172
190
181
177
197
203
200
193
190
174
209
226
186
218
208
205
218
210
209
193
202
204
233
248
226
234
234
243
234
242
245
236
249
233
239
238
217
224
248
240
234
219
218
215
221
236
231
236
235
210
224
237
241
230
220
240
220
237
252
228
243
233
218
228
222
244
244
231
232
213
218
227
225
242
230
227
237
237
253
254
238
250
225
228
244
237
253
248
243
243
244
244
250
251
250
254
253
248
245
245
251
273
262
258
248
242
251
267
282
281
284
271
264
273
265
279
275
278
276
272
279
272
269
273
269
281
269
265
268
269
261
255
261
242
250
250
262
264
243
239
245
237
250
265
259
249
251
246
260
277
271
276
278
266
251
249
250
259
257
253
251
250
247
242
251
249
245
245
244
239
248
237
247
249
245
233
230
234
236
243
250
244
257
259
245
258
280
259
254
251
242
244
260
265
261
258
250
244
277
287
285
286
279
275
260
274
270
276
288
261
267
276
269
274
283
288
286
295
285
285
293
299
291
313
301
310
313
308
283
284
302
292
292
300
283
290
292
285
281
262
254
258
284
285
276
271
246
249
266
282
292
276
285
260
250
265
263
261
273
279
264
266
258
253
260
264
266
259
274
267
276
280
270
281
289
288
304
284
270
285
283
305
315
318
294
300
319
313
300
312
301
304
296
278
307
313
309
301
307
294
284
284
274
301
308
277
269
268
263
258
263
255
244
242
246
229
218
230
250
254
243
234
237
242
246
240
253
251
230
229
241
235
239
254
236
239
244
236
236
238
233
222
220
207
204
201
202
198
182
179
187
196
199
199
210
220
208
207
203
202
215
194
188
202
205
207
199
198
217
223
205
195
189
197
195
205
197
191
185
197
208
189
184
189
172
193
205
202
212
186
189
184
190
185
190
193
189
187
180
166
144
165
183
180
163
158
161
159
191
182
144
168
182
174
161
162
188
177
170
182
171
163
165
191
185
179
184
155
162
175
193
205
176
160
156
155
174
181
161
164
160
163
155
140
145
153
162
161
159
119
125
155
161
144
139
143
149
156
165
166
161
158
155
139
149
162
151
158
181
169
131
147
138
156
161
158
154
129
132
154
149
142
143
140
132
142
140
128
141
119
133
134
141
139
142
137
137
135
126
125
134
137
147
153
145
154
139
153
151
143
151
144
132
129
132
135
149
152
138
137
129
134
151
153
139
145
145
145
167
147
138
162
158
165
157
158
172
152
158
186
180
175
159
156
166
153
148
129
148
154
155
164
158
163
143
130
143
147
150
167
156
147
137
139
146
145
142
139
125
109
121
144
142
139
125
118
110
108
110
118
131
137
127
110
110
106
97
132
133
120
135
107
87
96
111
98
104
98
73
53
60
68
74
67
41
38
49
42
58
56
29
36
28
0
9
-2
13
25
9
22
7
-3
-10
-15
-23
-14
-32
-35
-38
-39
-24
-14
-24
-20
-37
-61
-37
-41
-53
-37
-20
-44
-35
-46
-39
-13
-21
-37
-36
-52
-41
-44
-46
-25
-42
-36
-45
-45
-35
-50
-58
-37
-30
-38
-28
-31
-30
-32
-36
-9
-30
-52
-38
-31
-32
-26
-10
0
-1
-8
-14
-40
-40
-30
-16
-24
-5
-12
-28
-12
-30
-25
-23
-30
-32
-27
-37
-11
-21
-36
-30
-37
-22
-23
-39
-43
-22
-11
-40
-47
-51
-52
-34
-38
-31
-57
-56
-48
-66
-48
-38
-62
-77
-63
-63
-69
-70
-74
-63
-64
-66
-64
-72
-58
-43
-50
-51
-74
-79
-72
-78
-68
-68
-73
-82
-94
-91
-82
-72
-72
-65
-73
-92
-86
-83
-76
-79
-80
-79
-80
-79
-66
-73
-72
-73
-83
-68
-61
-59
-62
-60
-56
-58
-65
-67
-54
-45
-37
-35
-49
-61
-66
-54
-47
-30
-42
-44
-33
-33
-24
-26
-42
-39
-52
-64
-41
-38
-48
-40
-39
-32
-37
-32
-31
-45
-30
-20
-28
-39
-20
-14
-21
-3
-19
-34
-25
-33
-9
3
-13
-37
-33
-28
-32
-22
-38
-43
-28
-15
-27
-28
-25
-38
-41
-18
-66
-8
-33
-77
-18
-29
-36
-31
-28
-60
-46
-42
-58
-67
-64
-49
-37
-51
-62
-54
-75
-74
-54
-47
-54
-59
-55
-68
-69
-64
-64
-61
-67
-67
-85
-76
-96
-90
-84
-80
-95
-85
-82
-87
-81
-91
-81
-94
-101
-99
-86
-98
-87
-86
-85
-107
-114
-90
-111
-104
-85
-95
-113
-105
-101
-88
-85
-68
-66
-91
-110
-99
-72
-71
-79
-77
-80
-80
-77
-73
-71
-93
-78
-61
-92
-89
-82
-81
-68
-56
-65
-87
-97
-85
-81
-81
-71
-80
-95
-94
-84
-71
-62
-66
-65
-45
-61
-70
-76
-66
-61
-63
-70
-76
-78
-70
-50
-67
-73
-75
-90
-84
-78
-59
-64
-73
-96
-84
-87
-88
-95
-97
-83
-87
-80
-110
-131
-138
-120
-114
-101
-132
-133
-139
-172
-161
-138
-154
-166
-152
-148
-144
-163
-167
-163
-174
-179
-171
-178
-172
-163
-161
-168
-190
-198
-203
-198
-184
-188
-196
-193
-198
-196
-220
-212
-197
-205
-222
-219
-213
-219
-228
-232
-198
-204
-229
-241
-237
-234
-240
-252
-248
-268
-274
-258
-265
-261
-241
-248
-248
-256
-267
-244
-235
-233
-234
-243
-251
-260
-249
-251
-242
-234
-246
-240
-253
-244
-232
-232
-238
-253
-249
-267
-256
-238
-256
-255
-239
-241
-252
-239
-233
-214
-228
-239
-235
-251
-264
-265
-245
-253
-254
-267
-259
-259
-275
-278
-271
-276
-283
-274
-290
-269
-262
-280
-281
-287
-278
-297
-297
-280
-281
-303
-285
-302
-309
-303
-304
-291
-282
-295
-312
-302
-299
-292
-304
-300
-311
-303
-312
-311
-303
-313
-299
-294
-292
-289
-293
-292
-301
-315
-307
-329
-311
-304
-318
-308
-297
-290
-309
-318
-308
-299
-288
-289
-269
-270
-281
-278
-271
-276
-258
-265
-252
-246
-254
-234
-256
-236
-224
-221
-205
-209
-215
-206
-185
-187
-174
-177
-175
-180
-155
-161
-152
-131
-122
-121
-119
-109
-122
-108
-91
-68
-67
-87
-90
-71
-76
-77
-60
-72
-72
-58
-48
-55
-42
-51
-33
-40
-27
-21
-42
-37
-37
-42
-24
-12
-21
-14
-12
-1
-7
10
4
-10
15
17
21
38
15
15
20
16
37
40
57
45
20
18
21
8
41
38
24
14
11
0
-9
23
29
11
4
-5
-5
2
-5
-13
-22
-3
-22
-27
-10
-42
-35
-48
-80
-59
-54
-65
-50
-52
-76
-73
-67
-72
-87
-74
-78
-64
-74
-73
-98
-100
-90
-90
-95
-104
-92
-112
-102
-96
-91
-119
-114
-114
-130
-126
-128
-129
-123
-119
-143
-143
-131
-133
-132
-119
-111
-132
-138
-141
-142
-133
-153
-159
-155
-137
-159
-154
-143
-148
-160
-154
-137
-152
-167
-160
-155
-160
-132
-141
-149
-135
-146
-134
-133
-133
-129
-142
-124
-113
-122
-126
-130
-116
-106
-103
-104
-110
-118
-112
-92
-102
-91
-96
-97
-90
-87
-102
-88
-69
-92
-81
-76
-77
-72
-70
-43
-37
-67
-50
-46
-29
-10
-19
-8
-20
-18
-11
-10
-28
-10
-3
-2
-5
-8
-1
-6
-8
8
10
-19
-6
6
-6
13
23
26
21
13
18
21
29
50
34
47
40
30
41
54
78
63
54
51
51
45
55
67
66
60
48
45
58
63
68
76
63
60
67
47
39
53
59
76
71
59
46
48
54
66
79
94
66
67
84
87
102
94
78
56
58
68
72
75
105
100
87
80
59
77
87
80
99
95
64
74
71
73
78
86
83
79
68
83
103
93
85
96
103
108
109
113
111
134
113
119
129
129
139
134
162
145
137
127
113
117
129
143
152
125
125
142
135
142
153
141
138
159
159
152
160
171
168
192
184
147
155
159
170
195
166
184
161
128
189
171
154
171
147
146
143
158
154
152
152
144
152
147
143
141
141
167
146
138
147
135
133
145
139
129
115
109
122
109
120
115
101
102
95
107
94
71
71
74
85
85
61
58
50
47
74
62
30
39
47
56
44
48
43
36
20
26
23
18
20
17
28
29
22
24
22
4
21
22
28
34
13
21
27
17
15
22
16
9
13
16
11
14
27
14
13
18
19
11
18
19
20
11
5
10
23
20
-2
12
3
13
24
33
41
21
23
27
28
18
35
50
25
18
38
30
28
36
35
40
32
40
41
50
31
43
38
22
42
28
34
35
43
33
43
41
10
21
36
51
53
32
31
38
13
51
7
20
34
8
13
18
30
47
46
26
14
16
37
41
30
28
42
34
43
58
42
44
43
38
37
27
31
54
55
50
41
27
29
25
18
41
35
12
17
13
11
2
0
27
11
0
27
10
14
23
53
50
34
28
23
34
38
37
44
22
47
42
42
51
33
34
26
37
28
36
28
30
27
53
39
17
32
32
13
31
44
37
30
33
58
56
39
42
34
36
37
53
58
49
45
52
43
39
56
59
58
57
40
41
34
60
39
71
63
37
60
36
42
39
34
56
57
45
41
45
38
40
47
53
48
37
38
28
52
52
52
43
39
32
45
34
32
40
27
24
4
30
23
29
15
13
15
14
11
12
9
5
8
15
0
1
22
2
13
16
7
19
0
16
31
29
55
37
24
30
13
28
17
41
31
8
9
21
22
28
16
3
4
-5
10
3
8
25
11
-4
-14
-8
0
8
14
14
13
6
3
-3
0
10
7
7
24
-3
-3
10
7
29
8
-20
-12
-12
-2
-8
-13
8
-18
-21
10
-23
-21
-18
-15
-9
-34
-33
-44
-42
-15
-31
-39
-47
-48
-41
-43
-36
-42
-48
-45
-35
-39
-47
-36
-40
-35
-36
-64
-39
-36
-38
-15
-21
-41
-53
-59
-53
-23
-44
-38
-40
-61
-46
-33
-33
-34
-30
-39
-40
-59
-54
-44
-52
-36
-51
-56
-68
-78
-62
-52
-64
-70
-54
-56
-62
-53
-62
-81
-87
-77
-70
-87
-111
-103
-82
-85
-73
-72
-100
-91
-94
-73
-73
-90
-83
-78
-77
-55
-80
-90
-100
-111
-92
-118
-129
-125
-122
-105
-103
-88
-111
-112
-117
-128
-111
-109
-94
-79
-105
-110
-115
-117
-104
-97
-100
-107
-113
-111
-101
-88
-76
-68
-61
-84
-99
-77
-88
-83
-75
-71
-61
-68
-76
-79
-76
-94
-85
-77
-77
-96
-84
-73
-80
-80
-83
-67
-86
-76
-61
-70
-79
-60
-87
-83
-53
-75
-56
-62
-81
-79
-79
-80
-50
-45
-63
-69
-93
-76
-79
-72
-48
-75
-94
-89
-88
-94
-82
-96
-88
-93
-111
-115
-123
-116
-99
-87
-104
-114
-114
-123
-140
-127
-116
-120
-128
-137
-130
-136
-131
-122
-135
-129
-137
-141
-111
-119
-140
-132
-125
-137
-135
-119
-121
-122
-137
-137
-138
-122
-123
-132
-109
-125
-125
-111
-145
-137
-113
-131
-130
-131
-140
-135
-130
-128
-120
-124
-111
-107
-129
-130
-133
-140
-111
-95
-97
-104
-113
-102
-94
-88
-96
-93
-108
-115
-102
-84
-67
-78
-76
-70
-93
-89
-87
-73
-66
-97
-78
-82
-101
-86
-92
-89
-86
-108
-102
-93
-106
-90
-86
-97
-84
-105
-103
-83
-92
-106
-95
-92
-109
-107
-88
-94
-114
-108
-118
-128
-125
-120
-123
-125
-136
-141
-140
-158
-138
-129
-127
-137
-165
-167
-181
-158
-137
-146
-157
-157
-172
-188
-168
-171
-173
-161
-171
-178
-172
-159
-173
-172
-172
-160
-169
-163
-164
-161
-146
-147
-158
-160
-147
-148
-147
-153
-143
-149
-159
-151
-146
-150
-139
-146
-168
-162
-154
-172
-138
-140
-158
-131
-158
-170
-146
-160
-150
-146
-161
-154
-168
-162
-136
-138
-149
-131
-141
-156
-152
-145
-134
-152
-137
-134
-152
-151
-155
-151
-154
-165
-134
-154
-160
-151
-143
-148
-143
-143
-148
-148
-133
-142
-145
-146
-152
-147
-147
-120
-132
-140
-133
-156
-142
-120
-131
-138
-121
-135
-138
-125
-138
-123
-142
-153
-125
-122
-111
-121
-127
-115
-136
-117
-115
-114
-103
-122
-131
-137
-113
-119
-109
-94
-108
-110
-106
-104
-109
-102
-87
-92
-78
-80
-86
-93
-105
-107
-97
-98
-100
-105
-95
-101
-115
-108
-118
-125
-113
-121
-121
-120
-91
-92
-127
-107
-112
-116
-90
-95
-88
-83
-98
-104
-87
-109
-92
-75
-101
-86
-93
-102
-91
-90
-98
-92
-98
-71
-102
-112
-104
-114
-90
-74
-111
-121
-87
-116
-122
-81
-102
-105
-102
-113
-119
-120
-102
-116
-94
-87
-100
-90
-90
-86
-91
-95
-101
-93
-94
-84
-89
-86
-86
-119
-101
-98
-89
-70
-72
-79
-106
-93
-81
-78
-56
-75
-65
-77
-93
-82
-81
-64
-63
-71
-59
-68
-80
-75
-99
-73
-58
-75
-64
-72
-81
-85
-81
-70
-80
-74
-68
-91
-69
-55
-65
-59
-79
-76
-69
-59
-56
-72
-45
-70
-66
-53
-79
-63
-50
-67
-55
-68
-66
-38
-39
-9
-44
-49
-58
-64
-32
-22
-21
-30
-36
-61
-51
-25
-34
-26
-22
-37
-50
-27
-37
-42
-36
-39
-35
-37
-41
-46
-55
-15
-40
-32
-27
-61
-37
-34
-26
-33
-28
-23
-26
-21
-21
-2
6
-14
-5
-1
-17
-10
4
8
-22
-14
13
-30
-14
5
5
6
15
3
3
8
16
21
23
13
15
29
21
38
45
40
56
44
54
47
56
48
36
36
63
67
49
58
34
66
42
41
41
40
49
39
54
52
50
54
37
59
74
63
97
69
76
80
69
81
58
69
69
65
56
63
71
83
75
73
87
56
55
62
85
60
64
69
48
56
75
62
40
56
49
48
56
59
47
52
51
56
82
48
60
67
47
58
68
67
60
69
67
72
71
91
75
63
84
66
67
98
78
56
95
59
78
83
93
87
94
84
69
106
58
85
79
89
69
65
69
73
90
86
96
85
102
88
92
102
92
109
105
86
82
96
89
116
114
111
131
110
112
117
131
155
133
128
140
113
124
147
131
132
138
152
142
158
152
141
145
147
154
154
149
152
168
156
164
170
151
141
162
189
169
157
164
149
159
159
151
180
174
171
178
163
158
158
137
146
163
142
166
156
152
155
174
154
149
156
153
157
159
163
145
147
138
149
151
151
159
149
145
138
146
142
139
139
148
132
129
127
134
132
136
151
147
146
138
165
154
151
148
148
158
156
148
138
174
156
140
155
145
163
161
157
167
152
148
148
148
180
170
169
184
151
167
175
188
199
218
195
194
193
198
201
218
211
183
218
199
207
220
200
211
183
200
203
189
192
199
181
188
196
180
168
167
176
161
173
179
173
180
173
163
206
163
168
181
153
170
165
171
167
176
176
178
196
175
179
173
169
188
190
186
200
198
182
186
192
194
197
187
196
187
182
185
199
208
206
206
210
192
198
202
200
207
212
201
206
218
220
233
227
233
225
209
212
224
232
221
225
215
210
226
212
227
244
218
221
224
206
210
218
218
217
205
206
224
205
210
216
216
232
217
222
217
222
224
214
215
214
215
207
215
206
194
188
193
192
193
192
177
182
187
176
191
183
180
183
170
168
183
178
186
186
174
184
187
186
193
199
193
206
197
196
195
193
203
192
180
190
175
168
193
179
192
182
184
182
176
179
183
193
193
190
181
174
188
194
187
188
202
200
193
196
208
211
201
217
206
201
225
195
216
225
205
212
202
203
210
209
217
201
208
200
182
211
205
198
207
189
197
191
190
189
205
205
207
202
198
202
217
214
198
214
205
204
204
208
216
193
230
233
221
225
223
202
212
225
207
211
207
197
200
189
200
201
191
200
181
175
185
184
179
186
198
186
177
174
189
189
193
203
177
181
175
189
188
198
208
207
201
209
202
189
193
188
190
183
184
189
193
215
217
215
206
201
208
220
211
237
234
212
219
217
221
223
223
213
228
207
225
223
231
243
236
246
231
236
222
208
228
229
246
225
198
225
199
201
221
204
219
201
212
221
210
227
215
200
211
200
193
214
189
223
214
199
206
206
209
213
201
206
194
188
196
178
186
161
173
178
176
190
177
175
165
173
177
186
182
176
189
171
192
178
190
193
173
195
187
189
186
192
204
205
195
180
189
175
168
171
190
179
150
164
154
135
149
156
155
146
150
151
154
153
155
158
133
149
127
130
144
125
137
140
144
136
126
131
111
112
115
112
97
107
108
90
82
77
81
62
67
82
62
81
68
61
69
58
63
60
60
75
71
65
64
47
56
58
65
58
46
47
37
21
50
37
32
40
26
25
19
18
21
20
22
28
17
29
15
18
45
34
23
33
8
17
20
23
36
27
43
24
24
11
5
27
20
23
18
24
25
33
18
16
9
7
-1
10
6
0
11
0
6
11
5
1
4
-8
13
4
14
24
6
15
12
24
30
33
30
31
18
12
23
25
41
39
20
14
36
18
40
47
28
41
28
7
22
9
14
35
5
20
26
4
12
27
41
21
19
29
35
48
56
45
44
31
31
44
30
44
37
45
17
-3
27
17
24
50
32
23
31
19
11
30
30
19
11
33
19
23
32
18
46
25
25
31
20
30
32
22
32
32
12
8
18
20
15
13
35
19
13
9
11
15
18
15
7
11
16
5
25
36
15
24
32
27
32
40
47
24
36
28
22
34
22
18
32
20
25
27
9
31
23
31
15
41
39
29
30
25
35
42
39
41
47
38
41
46
49
31
25
32
11
27
16
6
9
14
-4
13
14
-3
-11
1
-11
-2
-11
-28
1
-3
-5
-12
-12
-2
-24
-28
-12
-10
-14
-6
-21
-11
-20
-30
-5
-13
-11
-16
-39
-23
-25
-25
-14
-23
-29
-29
-42
-28
-35
-31
-29
-27
-25
-27
-27
-9
-13
-19
-15
-22
-35
-38
-40
-32
-14
-29
-23
-27
-30
-42
-44
-37
-42
-33
-32
-40
-37
-35
-29
-28
-33
-28
-16
-26
-19
-23
-32
-25
-28
-43
-41
-50
-50
-54
-68
-46
-54
-56
-33
-54
-68
-40
-58
-68
-68
-75
-65
-65
-59
-45
-72
-81
-66
-90
-80
-70
-77
-71
-100
-73
-67
-76
-62
-73
-72
-81
-97
-95
-92
-82
-61
-72
-63
-67
-90
-84
-101
-94
-79
-87
-80
-88
-83
-71
-77
-92
-90
-86
-104
-110
-121
-103
-101
-89
-107
-111
-101
-118
-124
-108
-118
-122
-136
-147
-118
-116
-116
-120
-98
-115
-117
-125
-148
-131
-114
-109
-104
-98
-103
-104
-107
-99
-106
-117
-114
-119
-109
-106
-101
-107
-105
-90
-103
-115
-119
-114
-118
-118
-139
-127
-117
-120
-118
-120
-111
-122
-141
-129
-121
-99
-111
-118
-133
-137
-149
-153
-145
-145
-145
-123
-124
-123
-130
-144
-139
-137
-108
-100
-116
-111
-105
-111
-96
-109
-101
-74
-91
-94
-108
-111
-127
-135
-126
-126
-132
-111
-133
-125
-117
-106
-107
-109
-90
-93
-102
-114
-122
-128
-118
-146
-145
-129
-149
-161
-149
-169
-156
-144
-131
-135
-124
-117
-126
-126
-127
-112
-106
-106
-118
-129
-130
-146
-143
-142
-138
-132
-122
-126
-122
-111
-99
-87
-72
-70
-50
-45
-68
-68
-50
-62
-77
-82
-86
-93
-85
-75
-92
-95
-71
-48
-61
-37
-22
-19
11
-1
3
17
5
1
20
-4
-18
-15
-8
-22
-32
-45
-53
-67
-62
-56
-64
-71
-79
-68
-88
-95
-98
-108
-111
-140
-152
-145
-188
-215
-235
-260
-290
-313
-366
-394
-407
-430
-387
-364
-340
-343
-331
-333
-329
-344
-344
-301
-327
-305
-294
-302
-292
-295
-291
-291
-297
-323
-305
-274
-229
-131
-73
20
92
155
184
222
243
189
178
107
64
44
6
11
14
23
17
-32
-64
-77
-100
-104
-88
-82
-85
-44
-41
-9
1
-12
-37
-105
-161
-213
-216
-256
-279
-233
-246
-256
-237
-208
-167
-155
-151
-142
-171
-179
-172
-171
-140
-150
-170
-163
-179
-208
-229
-220
-244
-253
-225
-240
-228
-198
-143
-115
-75
-40
-24
-16
-7
3
11
0
-29
-37
-66
-108
-119
-147
-159
-195
-220
-222
-239
-236
-230
-194
-163
-152
-141
-120
-124
-124
-125
-127
-137
-147
-172
-202
-201
-231
-244
-279
-317
-342
-354
-368
-351
-328
-320
-266
-248
-225
-220
-224
-199
-180
-184
-183
-172
-190
-223
-207
-213
-238
-238
-242
-255
-243
-244
-244
-219
-199
-186
-155
-135
-150
-137
-97
-124
-129
-132
-136
-136
-134
-123
-137
-151
-170
-193
-186
-187
-176
-151
-122
-107
-93
-89
-95
-92
-92
-91
-100
-103
-121
-107
-119
-126
-125
-128
-139
-153
-153
-173
-167
-164
-154
-145
-151
-117
-95
-114
-103
-77
-99
-115
-111
-120
-127
-107
-126
-131
-127
-124
-126
-130
-140
-129
-111
-112
-99
-95
-112
-102
-87
-84
-83
-77
-94
-95
-63
-58
-83
-83
-82
-93
-97
-102
-100
-95
-92
-71
-46
-52
-54
-73
-76
-77
-75
-79
-105
-92
-84
-89
-83
-92
-112
-117
-123
-131
-135
-123
-125
-122
-108
-109
-100
-106
-117
-95
-115
-120
-108
-125
-125
-110
-115
-114
-112
-126
-138
-100
-103
-125
-119
-101
-128
-108
-103
-112
-123
-114
-128
-137
-111
-125
-136
-139
-148
-163
-162
-160
-150
-153
-157
-140
-157
-147
-138
-135
-115
-117
-127
-127
-132
-131
-121
-116
-131
-125
-112
-102
-90
-95
-97
-111
-119
-113
-114
-110
-92
-91
-77
-73
-77
-65
-70
-74
-79
-92
-107
-114
-116
-123
-107
-95
-89
-100
-91
-120
-119
-128
-137
-96
-104
-101
-102
-98
-109
-119
-102
-95
-113
-109
-91
-104
-102
-93
-100
-110
-120
-100
-91
-110
-102
-82
-87
-82
-76
-78
-84
-84
-71
-74
-84
-72
-76
-83
-66
-63
-57
-61
-60
-48
-51
-83
-91
-71
-74
-63
-57
-64
-66
-67
-59
-50
-51
-50
-71
-70
-63
-58
-37
-42
-68
-67
-66
-61
-58
-66
-52
-66
-68
-79
-84
-90
-78
-63
-73
-74
-87
-94
-89
-56
-56
-46
-69
-86
-63
-65
-57
-57
-74
-64
-80
-78
-95
-78
-77
-81
-63
-74
-77
-77
-102
-85
-47
-59
-68
-73
-71
-67
-80
-62
-62
-62
-69
-68
-69
-90
-108
-92
-105
-107
-90
-107
-92
-113
-98
-80
-75
-73
-82
-81
-76
-68
-80
-66
-71
-78
-54
-52
-78
-80
-59
-76
-60
-69
-72
-56
-46
-61
-57
-81
-76
-94
-95
-89
-87
-101
-96
-91
-106
-94
-99
-89
-75
-92
-85
-75
-73
-68
-50
-37
-38
-24
-22
-36
-41
-26
-53
-68
-53
-69
-79
-62
-82
-99
-107
-114
-107
-99
-99
-112
-112
-101
-99
-91
-88
-84
-75
-81
-75
-86
-86
-80
-84
-56
-62
-55
-59
-87
-68
-57
-71
-70
-55
-50
-45
-48
-45
-45
-56
-58
-50
-53
-62
-54
-64
-69
-57
-71
-86
-75
-64
-95
-84
-86
-89
-87
-83
-96
-91
-89
-93
-92
-78
-97
-82
-64
-88
-90
-79
-98
-105
-76
-93
-81
-60
-58
-58
-76
-90
-80
-72
-70
-73
-64
-53
-53
-47
-65
-54
-48
-69
-35
-43
-44
-20
-37
-43
-28
-34
-15
0
-4
-3
-14
-10
-22
-21
-10
-22
-22
-23
-33
-20
-14
-17
-2
-7
-5
-12
1
-10
-17
-4
-7
-17
-4
-5
0
0
-23
-24
-28
-37
-35
-24
-25
-18
-8
-16
-26
5
5
-9
8
7
-15
-8
-10
-22
-24
-26
-54
-47
-42
-54
-40
-40
-33
-34
-35
-61
-51
-54
-46
-45
-48
-35
-43
-38
-28
-47
-48
-63
-68
-71
-68
-57
-48
-36
-46
-31
-39
-44
-44
-34
-38
-34
-31
-55
-53
-59
-43
-34
-41
-31
-47
-51
-41
-43
-41
-46
-31
-33
-42
-26
-31
-20
10
-12
-32
-49
-55
-51
-32
-16
-24
-21
-30
-46
-42
-24
-21
-5
6
-5
-7
-11
-15
-22
-24
7
2
0
-11
2
-9
11
16
27
45
29
17
7
36
3
19
27
32
47
23
43
38
32
29
27
14
-1
6
9
21
4
16
17
7
13
26
7
6
26
8
17
20
8
18
33
35
39
27
24
18
30
35
31
32
26
-3
10
17
14
34
26
26
40
27
29
19
8
4
13
11
3
-5
9
-1
-9
-3
6
1
6
17
-1
20
7
1
9
17
23
5
11
15
12
10
30
30
40
44
46
44
30
53
55
55
47
49
71
68
77
91
92
74
73
75
72
91
98
100
95
99
93
120
122
106
126
113
103
121
104
115
116
106
135
131
120
113
117
110
90
96
100
117
114
125
116
101
113
114
118
113
112
111
118
102
115
107
87
102
111
91
92
94
78
99
84
80
88
73
70
77
84
78
68
86
88
79
104
100
82
84
68
97
112
97
107
97
89
83
101
92
73
92
84
86
90
89
69
75
77
71
88
99
105
100
95
90
88
77
65
91
102
71
82
75
58
83
74
72
88
75
84
80
75
80
63
70
69
48
69
51
53
67
60
76
83
80
86
89
97
109
87
84
99
106
101
113
127
119
111
116
115
118
131
120
110
105
117
120
112
128
123
147
133
119
127
131
137
133
127
115
135
129
130
165
157
145
131
127
111
118
108
87
98
83
76
89
81
88
100
104
93
91
85
102
113
102
119
107
125
127
127
123
112
127
108
107
134
132
123
114
130
118
122
130
147
150
165
160
142
166
143
159
181
169
162
155
143
136
156
153
157
155
146
147
149
149
156
158
159
160
154
155
154
137
142
155
160
160
177
174
163
161
163
168
191
188
181
199
172
178
183
178
199
188
186
177
185
175
163
170
180
181
168
176
161
180
195
199
207
208
180
168
179
182
192
192
195
185
176
171
190
176
182
173
164
164
164
174
157
162
186
164
161
191
190
173
165
166
176
167
145
149
156
145
139
154
145
144
148
135
126
120
135
137
138
130
141
129
113
136
133
146
140
152
151
144
144
138
131
146
156
127
131
129
131
152
158
147
140
146
143
146
146
142
133
138
139
131
146
160
150
145
138
139
144
132
141
167
138
138
127
122
135
138
136
123
107
102
117
96
122
112
104
93
93
111
100
122
131
132
113
96
94
80
75
99
112
105
94
104
121
119
117
124
106
93
107
99
113
110
107
133
123
128
130
123
116
98
114
131
100
107
121
126
105
111
93
100
108
108
121
119
101
89
101
110
121
120
118
108
120
121
117
127
108
107
91
93
97
97
97
102
98
82
82
84
103
97
95
124
107
91
91
86
113
108
96
88
104
88
89
108
76
75
74
75
74
83
71
64
72
73
72
48
56
65
59
59
64
58
67
50
61
59
45
14
20
26
24
9
25
47
32
27
30
38
-10
22
22
2
19
6
1
-15
16
0
5
22
16
12
22
53
19
35
37
36
49
42
46
37
49
67
52
67
67
60
68
78
80
86
63
70
58
55
63
52
68
70
75
63
59
73
55
70
63
47
46
56
54
62
67
65
67
62
62
68
66
75
66
69
75
58
57
75
80
79
72
70
66
62
61
63
71
53
44
44
43
56
51
70
61
48
53
56
65
52
64
72
49
67
65
70
86
65
64
60
50
34
46
32
31
34
22
42
34
35
24
27
20
3
1
8
20
16
7
10
5
5
10
14
2
1
0
-15
-17
-5
-7
1
-4
-4
-20
-22
-15
-29
-29
-8
-19
-18
-6
-7
-1
4
3
-3
-18
-17
-14
-17
8
10
-8
11
3
-10
-4
-12
-19
-11
-8
-21
-25
-21
-33
-15
-27
-11
-11
-18
16
12
-2
22
20
9
20
9
4
-1
-2
-8
4
7
-9
-12
-11
-32
-37
-38
-40
-22
-18
-9
-10
-13
-4
-5
-10
-4
-9
6
11
-4
14
14
28
33
25
30
9
31
21
1
6
6
-4
-12
13
9
-7
4
7
-5
-3
7
-12
2
2
-2
-11
2
-1
6
-1
28
-16
-25
21
5
-17
7
14
-8
-22
27
-4
-10
42
5
-12
8
6
3
-16
4
42
26
7
25
27
25
38
37
27
37
22
20
22
18
4
-1
9
8
16
-2
13
0
-6
-1
-3
3
4
-9
-9
-2
-7
-4
5
-4
-14
-1
-10
-16
-11
1
6
2
0
-4
-12
-4
-4
-10
-18
0
-6
-5
-4
-3
-3
-18
-17
-14
-19
-13
-16
-14
-13
-5
6
-9
-13
-8
-10
-12
-10
-6
-3
4
10
1
3
-5
-1
-9
-3
26
15
6
18
18
31
30
22
23
5
19
40
38
45
54
34
21
38
10
5
29
32
25
17
26
13
7
10
11
21
12
3
10
9
-1
-4
8
13
26
17
7
12
3
4
21
12
26
30
11
24
26
8
31
14
2
25
13
13
24
11
23
27
24
24
7
4
8
7
15
2
22
11
3
30
32
22
17
-1
-15
1
3
-4
14
0
-11
1
0
-5
-7
-1
2
-4
-5
1
0
3
0
-12
2
-1
-1
-10
-16
-11
-5
-5
-2
2
-6
5
1
-4
0
11
13
4
17
16
-7
8
13
4
4
9
9
2
21
27
16
2
1
-12
-3
19
7
-4
3
1
7
16
10
23
20
1
-3
-10
-10
-7
9
11
14
5
-20
-17
10
-3
-7
-4
-15
-8
-12
-11
1
0
3
4
-10
-13
-3
-5
-7
0
-3
2
9
14
6
28
35
22
42
38
38
37
22
35
43
38
22
19
26
3
-1
24
25
39
28
23
23
10
4
1
-8
12
5
-3
-3
-26
-6
3
-2
-2
5
-2
-4
5
2
6
-12
-20
-10
-9
-12
-4
-17
-33
-31
-36
-21
-40
-16
0
-19
-31
-25
-35
-21
-20
-18
-5
-31
-13
-20
-33
-9
-29
-36
-20
-28
-28
-3
-26
-34
-19
-30
-30
-21
-38
-50
-42
-25
-27
-25
-23
-10
0
5
8
2
5
-1
-14
-10
10
6
1
-1
-18
-19
-26
-34
-27
-21
-14
-18
-25
-25
-20
-38
-55
-21
-23
-50
-44
-50
-50
-46
-42
-43
-37
-43
-40
-40
-63
-47
-25
-23
-40
-42
-60
-55
-44
-44
-10
-52
-57
-26
-61
-65
-36
-33
-50
-49
-29
-48
-68
-45
-50
-58
-34
-23
-49
-52
-57
-60
-58
-36
-30
-47
-59
-49
-46
-51
-70
-44
-45
-62
-55
-73
-74
-57
-43
-52
-73
-72
-54
-77
-76
-59
-52
-47
-34
-41
-38
-51
-67
-28
-47
-74
-62
-70
-62
-49
-51
-24
23
-3
-18
-57
-46
-18
-33
-35
-14
-16
-37
-36
-46
-40
-34
-34
-32
-16
1
-23
2
5
-13
-5
2
-15
7
-20
-18
22
-3
-9
-3
-20
1
-2
-30
-6
1
-7
-16
6
-8
-1
-26
-41
11
-31
-25
11
-21
4
13
-8
-7
9
25
16
1
18
26
9
15
-2
-1
11
19
18
11
22
25
17
14
1
-9
3
-7
1
-5
-4
23
6
4
-7
3
6
2
6
3
6
0
-9
-25
-19
-19
-32
-27
-11
-42
-48
-25
-43
-42
-38
-28
-19
-30
-30
-11
-2
11
0
-15
-9
-9
5
-17
-27
-7
-3
-25
-19
-16
-17
-2
6
-9
-12
14
-5
3
27
35
25
25
30
16
27
20
19
16
26
42
34
35
37
45
39
38
34
42
54
35
28
59
40
50
62
23
45
55
25
25
49
25
64
25
34
60
56
58
55
41
62
51
34
66
55
60
35
42
38
27
34
25
30
1
0
3
-8
3
-3
9
12
19
7
-3
19
29
6
21
3
-4
9
6
7
8
23
23
10
18
15
8
27
12
20
17
8
-2
-10
-5
2
0
-3
-8
-27
-14
-15
-25
8
0
-1
12
18
15
3
20
6
-5
2
0
-16
-22
-10
1
3
-17
4
4
-2
-5
0
2
-6
-11
0
20
5
9
2
12
16
15
20
12
43
35
22
19
17
17
6
5
6
5
-13
-14
-13
-25
-10
-17
-27
5
-14
7
0
-9
7
16
3
-9
0
0
-5
-13
-15
-3
-10
-28
-23
-22
-38
-23
-25
-38
-22
-7
-17
-17
-16
-17
-2
-12
1
-11
-32
-31
-28
-19
-8
-11
-5
-11
-26
-24
-24
-24
-5
-3
-8
-26
-42
-30
-39
-47
-37
-43
-64
-60
-63
-55
-47
-44
-36
-53
-48
-39
-49
-51
-47
-36
-49
-50
-65
-49
-59
-61
-48
-67
-57
-56
-46
-52
-47
-38
-35
-30
-34
-34
-30
-36
-13
-23
-33
-32
-37
-44
-40
-55
-56
-39
-27
-41
-26
-35
-38
-29
-40
-25
-21
-16
-11
-32
-26
-28
-45
-40
-27
-18
-28
-17
-21
-16
-5
-20
-12
-9
-17
-17
-19
-23
-26
-23
-38
-16
-3
12
17
12
4
-8
-5
-2
22
15
25
29
10
1
9
17
6
29
39
26
32
5
27
31
21
32
23
14
31
19
7
16
7
17
27
18
38
19
29
27
17
20
32
28
21
21
12
8
12
8
6
28
25
29
11
11
24
3
29
32
20
26
18
15
6
4
9
3
16
12
6
26
23
20
18
18
13
4
17
27
13
12
16
17
17
14
25
25
36
29
1
-5
-3
-14
-12
-1
-27
-16
-2
-12
-6
7
12
7
6
-5
-2
5
-5
6
3
8
18
-9
8
8
13
20
17
-3
0
9
6
7
-1
11
19
2
-3
-16
-10
5
3
2
1
-4
3
5
2
17
20
15
4
10
17
16
26
16
7
15
23
22
24
27
28
34
27
33
36
35
37
25
30
33
21
25
47
28
33
35
30
29
26
23
29
32
34
31
35
57
45
31
34
32
45
45
42
51
34
33
34
27
41
42
42
53
40
36
47
43
53
59
55
56
43
50
59
55
85
60
67
73
73
73
59
77
74
80
61
52
58
60
79
73
67
63
81
63
71
70
56
67
55
55
57
73
70
60
65
81
74
63
77
81
77
94
94
89
95
83
67
83
77
68
66
64
82
81
83
89
92
86
86
90
75
85
85
79
86
96
91
95
96
77
99
98
97
118
101
107
118
97
109
107
99
107
89
97
90
100
113
97
92
80
86
89
73
75
67
45
57
45
34
66
55
46
53
57
53
65
46
55
45
42
53
41
41
40
50
40
42
37
40
42
46
51
46
38
38
31
40
55
51
65
62
51
57
29
36
49
44
61
51
27
28
31
43
46
49
41
26
18
17
14
19
18
25
38
23
21
22
31
41
22
14
8
19
12
38
21
21
25
26
41
28
20
24
38
34
44
42
30
24
15
42
52
26
19
35
19
24
12
3
24
22
16
26
25
13
13
34
38
39
36
5
4
7
-9
1
-2
-7
5
8
-7
2
0
7
8
10
9
-3
2
-2
-9
-6
3
-15
-21
-16
-10
-16
-20
-21
-23
-23
-27
-21
-17
-23
-29
-23
-39
-27
-36
-35
-13
-31
-31
-32
-41
-40
-32
-30
-31
-36
-38
-38
-46
-56
-53
-23
-22
-20
-29
-37
-44
-34
-20
-31
-20
-25
-21
-15
-28
-25
-25
-22
-20
-12
-27
-21
-23
-21
-32
-15
-9
-25
-16
-27
-44
-38
-39
-43
-39
-31
-27
-20
-20
-9
-12
-32
-23
-13
-18
-27
-20
3
-23
-23
-17
-25
-18
-14
-14
-17
-8
-16
-19
-34
-30
-33
-30
-29
-34
-25
-18
-32
-58
-27
-20
-12
-13
-15
-14
-35
-45
-52
-40
-32
-12
-28
-37
-53
-54
-44
-66
-51
-35
-59
-52
-60
-76
-52
-71
-62
-45
-45
-36
-54
-66
-57
-52
-46
-37
-31
-25
-22
-18
-22
-23
-6
-37
-15
-24
-49
-45
-56
-50
-41
-28
-41
-43
-42
-26
-8
-17
-22
-25
-28
-34
-29
-26
-19
-17
-30
-33
-38
-54
-52
-61
-56
-66
-72
-68
-68
-67
-59
-56
-66
-54
-74
-94
-80
-72
-67
-81
-73
-74
-101
-91
-86
-101
-95
-97
-89
-101
-95
-81
-108
-94
-87
-113
-114
-103
-103
-113
-102
-108
-112
-108
-105
-130
-116
-106
-121
-119
-119
-139
-119
-88
-95
-98
-97
-99
-106
-93
-82
-79
-94
-102
-97
-100
-107
-99
-82
-104
-90
-111
-107
-90
-106
-98
-89
-105
-112
-101
-113
-102
-103
-116
-109
-128
-130
-115
-123
-111
-116
-127
-121
-115
-115
-108
-103
-108
-119
-112
-105
-109
-126
-110
-123
-120
-107
-108
-116
-104
-97
-126
-121
-131
-137
-158
-131
-125
-118
-119
-135
-121
-133
-119
-109
-133
-154
-150
-155
-148
-156
-140
-136
-127
-151
-169
-138
-161
-165
-164
-164
-157
-156
-160
-166
-132
-142
-155
-145
-148
-152
-167
-149
-151
-148
-145
-143
-153
-155
-147
-146
-150
-153
-154
-161
-157
-137
-119
-127
-144
-137
-133
-161
-116
-105
-119
-106
-126
-97
-104
-132
-104
-123
-151
-113
-132
-119
-110
-115
-97
-114
-124
-98
-101
-105
-96
-96
-97
-118
-112
-85
-106
-102
-92
-133
-114
-119
-99
-88
-91
-98
-118
-111
-97
-116
-100
-112
-108
-97
-112
-91
-89
-111
-95
-74
-106
-97
-99
-98
-85
-98
-92
-88
-102
-96
-87
-82
-69
-86
-99
-89
-74
-74
-80
-73
-66
-75
-73
-92
-93
-83
-86
-67
-50
-72
-61
-72
-68
-73
-61
-42
-52
-45
-37
-51
-47
-38
-51
-47
-64
-53
-72
-59
-54
-72
-67
-71
-68
-66
-52
-56
-38
-63
-59
-64
-71
-44
-42
-36
-28
-37
-55
-20
-31
-40
-21
-30
-47
-52
-40
-32
-37
-37
-30
-35
-27
-18
-36
-26
-38
-23
-13
-11
-17
-34
-27
-17
-23
-31
-19
-16
-12
-22
-19
-17
-26
-13
-14
-16
-11
-24
-8
-4
-7
-12
-27
-28
-19
-16
-18
-8
-2
-5
-13
-17
-12
-17
-18
-15
-16
-24
-29
-33
-21
-29
-17
4
-6
-10
-3
-13
-20
-13
-16
-4
2
-3
-7
-2
-15
-18
-4
-19
-20
-18
-26
-22
-3
-5
-8
-9
-28
-16
-28
-30
-12
-25
-34
-20
-19
-20
-21
-31
-30
-29
-36
-46
-42
-17
-16
-25
-17
-26
-43
-53
-40
-21
-24
-43
-33
-49
-52
-48
-63
-53
-48
-55
-45
-38
-43
-35
-52
-36
-54
-64
-61
-67
-44
-39
-57
-52
-47
-51
-41
-28
-38
-47
-47
-51
-43
-37
-24
-36
-24
-35
-25
-30
-52
-32
-28
-13
-20
-18
-30
-27
-23
-21
3
-29
-47
-48
-40
-26
-6
-5
-5
2
-18
-11
-24
-20
-3
-5
-17
-15
-15
1
4
9
5
-5
-19
-32
-21
-30
-9
-8
-8
-11
-12
-12
-11
9
-4
-4
-17
-1
-2
-6
13
0
9
12
17
39
18
26
32
19
23
14
15
24
30
51
50
34
24
23
41
37
41
47
29
32
40
37
44
45
47
45
43
48
49
53
38
36
36
41
53
49
37
31
41
34
35
47
51
57
36
37
42
31
36
43
40
23
18
27
18
16
21
13
48
36
11
25
15
17
31
30
29
32
32
33
46
43
41
32
23
49
43
20
27
35
36
49
48
51
49
53
72
50
41
53
39
50
46
45
66
42
37
42
48
38
44
38
28
37
36
44
51
44
35
50
35
29
40
39
41
28
24
22
23
15
13
30
27
17
4
9
12
25
20
16
15
10
9
25
16
21
23
10
12
1
33
27
43
37
24
19
18
22
18
40
26
21
11
27
31
40
44
33
19
-6
6
27
30
42
49
32
45
35
38
50
50
62
53
36
39
33
46
65
44
43
42
34
65
54
63
60
59
47
55
48
46
67
55
54
49
38
30
43
42
43
42
27
30
39
40
47
39
42
43
64
70
41
31
30
17
23
41
58
38
35
47
27
40
41
43
42
34
31
45
48
41
55
33
33
21
32
38
45
52
47
49
34
48
54
44
59
76
68
60
61
64
71
82
90
78
76
97
85
92
94
96
98
87
89
95
83
80
86
101
81
85
100
71
72
79
63
62
67
74
70
61
55
64
60
64
64
63
51
52
27
34
50
40
38
46
47
38
47
52
39
31
40
50
46
51
58
52
49
36
41
55
65
60
60
51
73
51
57
58
66
65
66
60
72
91
61
76
56
50
50
64
47
59
69
59
50
60
68
64
78
85
82
73
79
77
89
69
70
72
62
63
61
67
83
83
62
48
69
69
68
70
63
57
52
46
72
81
88
100
77
89
78
69
64
89
68
67
80
58
73
81
60
70
58
36
46
45
32
38
41
31
61
37
32
45
34
34
45
52
61
62
66
72
70
73
71
74
84
59
59
67
49
37
62
45
48
54
44
48
72
59
29
56
63
60
60
95
68
71
72
67
70
57
67
54
75
60
52
62
59
60
47
36
49
63
46
60
48
39
40
12
20
35
18
37
33
40
28
25
40
24
36
27
13
18
21
22
35
12
12
22
6
9
20
23
22
28
20
10
10
11
13
34
15
19
31
17
37
53
22
46
29
11
53
47
52
62
30
32
41
30
20
47
36
24
39
35
24
31
36
35
49
51
42
47
51
39
54
34
23
34
46
36
47
31
34
40
20
33
24
14
17
17
13
9
18
-1
-7
2
-15
-6
-9
2
-7
-20
8
-4
5
6
-2
-13
-3
2
-20
-22
-1
-19
-13
13
-24
-22
-17
-36
-38
-26
-45
-46
-26
-21
-3
11
-5
-16
-13
-10
-6
4
3
6
16
22
8
19
28
21
3
2
14
3
13
17
43
31
23
10
-7
3
7
9
13
20
29
10
19
31
7
12
12
9
13
6
-1
0
17
16
10
20
14
-3
0
-6
21
17
4
13
-8
14
9
17
28
1
-10
-11
-8
-8
1
12
-1
-9
-11
-18
-19
-21
-26
-22
-17
-46
-35
-18
-39
-30
-26
-38
-39
-41
-48
-20
-17
-27
-13
-39
-40
-35
-23
-6
-12
-18
-13
-30
-33
11
-9
0
-6
-4
-6
-3
-15
-8
-11
7
-6
-18
-5
-24
-3
4
10
3
17
-7
-4
15
4
9
3
-1
-5
0
-8
-23
-4
-8
-5
-5
-2
-5
-15
-16
-3
12
-6
3
4
-2
18
1
2
-7
-12
-10
0
10
4
18
1
-2
-12
-7
-22
-12
-21
-15
-2
-26
-16
-22
-11
3
12
4
1
0
6
-7
-5
5
9
-9
-8
-12
-34
-24
-22
-9
-4
0
-2
-9
-8
-9
-2
-3
5
-8
-12
-10
2
-2
21
25
29
17
17
14
-1
-2
16
8
3
14
20
35
23
28
13
-15
-18
-9
0
0
22
29
27
20
9
5
8
23
22
15
21
-5
11
8
-1
10
-8
-12
-5
7
2
1
1
7
6
9
8
1
9
13
24
20
24
11
10
19
29
45
36
22
41
20
31
28
11
19
5
9
-2
4
-24
-12
-8
-20
-12
-29
-26
-15
-3
-3
7
2
1
9
21
11
12
5
0
8
2
-3
-2
-21
-5
3
-11
-10
-5
13
1
-1
3
5
-3
4
28
14
8
20
14
18
39
26
20
14
17
21
26
22
10
9
22
13
3
19
-1
-5
9
-11
-32
-14
-6
-1
11
13
8
-1
1
6
18
19
19
20
9
7
21
-13
-3
9
-12
-10
-8
12
3
7
7
-22
-32
-16
-22
-13
7
-10
2
-16
-6
-11
7
-17
2
2
4
-4
-12
-12
5
-9
-20
-20
-35
-32
-28
-14
-23
-6
-13
-25
-28
-20
-24
-2
-16
-16
-15
-20
-27
-18
2
-13
-7
-13
-10
-14
-4
-8
-20
-14
-19
-25
-17
-25
-31
-5
-33
-40
-30
-43
-31
-26
-15
-20
3
2
-12
-11
-32
-30
-18
-23
-26
-23
-16
-39
-22
-13
-37
-9
-20
-39
-17
-9
-18
-16
-16
-10
-14
-13
-20
-35
-32
-25
-38
-38
-28
-34
-12
-23
-22
-2
-2
-16
-10
-22
-19
-1
3
3
-4
-4
-19
-18
-29
-19
1
-21
-12
-13
-30
-7
12
-23
-2
12
-13
-16
5
-9
0
2
-5
16
-8
5
-13
-14
-6
-4
-17
-18
-9
-4
-19
1
-2
-22
-21
-32
-39
-31
-21
-9
-27
-27
-35
-43
-24
-23
-23
-38
-38
-49
-46
-46
-42
-33
-46
-32
-50
-42
-36
-52
-44
-54
-57
-44
-54
-39
-36
-39
-53
-43
-37
-50
-54
-34
-41
-39
-35
-49
-37
-54
-46
-46
-43
-35
-50
-46
-37
-40
-43
-48
-47
-33
-47
-41
-38
-24
-34
-16
-23
-40
-44
-48
-42
-39
-30
-32
-27
-24
-28
-40
-29
-36
-48
-20
-51
-58
-52
-53
-46
-32
-35
-53
-42
-53
-71
-46
-55
-37
-37
-36
-47
-46
-49
-43
-32
-36
-28
-44
-45
-45
-40
-43
-43
-41
-38
-40
-42
-25
-25
-33
-24
-28
-20
-19
-25
-39
-37
-50
-42
-41
-39
-48
-43
-53
-62
-62
-55
-65
-71
-47
-61
-59
-53
-66
-64
-59
-51
-66
-53
-50
-62
-55
-58
-66
-61
-62
-48
-42
-69
-53
-72
-79
-67
-65
-44
-56
-66
-57
-73
-79
-66
-75
-65
-66
-71
-72
-66
-71
-65
-59
-53
-38
-62
-63
-52
-59
-69
-50
-58
-68
-60
-56
-77
-76
-66
-77
-75
-94
-77
-76
-83
-65
-64
-62
-61
-66
-63
-56
-58
-38
-65
-55
-45
-53
-58
-61
-56
-60
-48
-64
-64
-55
-48
-59
-37
-42
-47
-45
-43
-46
-46
-45
-56
-53
-34
-47
-44
-44
-45
-45
-49
-43
-39
-39
-34
-44
-42
-42
-71
-50
-41
-55
-63
-55
-53
-63
-62
-39
-46
-64
-51
-55
-56
-74
-58
-35
-45
-35
-29
-58
-60
-40
-50
-60
-57
-28
-51
-46
-40
-46
-36
-59
-43
-26
-38
-22
-10
-10
-16
-1
-7
-13
-4
7
-2
-3
2
-6
-6
-1
3
2
-1
3
1
-4
-18
-12
-25
-28
-25
-23
-32
-39
-35
-50
-52
-50
-56
-58
-56
-40
-58
-60
-46
-43
-58
-33
-33
-55
-49
-60
-67
-55
-64
-60
-48
-55
-50
-55
-59
-53
-64
-64
-58
-57
-60
-51
-68
-62
-53
-61
-55
-44
-45
-30
-16
-28
-8
-12
-24
-28
-25
-22
-35
-23
-13
-13
-30
-22
-14
-28
-38
-30
-22
-28
-28
-29
-29
-26
-27
-23
-32
-31
-12
-21
-22
-13
-4
-3
-23
3
-7
-23
-13
-17
-3
-12
-4
-8
-20
-24
-14
-17
-28
-32
-30
-27
-39
-32
-32
-35
-40
-41
-44
-52
-61
-68
-73
-71
-69
-62
-69
-66
-62
-71
-65
-69
-83
-68
-76
-86
-76
-87
-83
-77
-76
-85
-80
-84
-80
-69
-59
-81
-57
-59
-80
-59
-61
-64
-61
-73
-66
-59
-66
-62
-49
-49
-54
-57
-67
-62
-51
-53
-42
-34
-41
-45
-61
-52
-59
-78
-75
-62
-62
-47
-43
-51
-57
-57
-57
-57
-64
-67
-75
-61
-63
-72
-65
-81
-96
-64
-69
-77
-70
-72
-66
-52
-52
-49
-63
-60
-66
-69
-62
-67
-63
-65
-60
-59
-49
-65
-52
-56
-53
-26
-39
-40
-41
-51
-60
-65
-73
-66
-62
-71
-49
-34
-43
-27
-38
-52
-40
-48
-46
-33
-40
-43
-42
-52
-58
-60
-51
-43
-41
-47
-54
-42
-33
-40
-44
-42
-46
-61
-70
-45
-52
-53
-38
-48
-37
-34
-33
-24
-40
-39
-23
-41
-30
-37
-45
-34
-30
-41
-37
-25
-35
-27
-20
-26
-20
-10
-1
-1
-6
-6
-17
-26
-19
-24
-16
-18
-21
-9
-2
-4
2
1
1
4
3
-13
-9
-11
1
17
5
1
-5
-15
-1
-3
-17
11
24
17
20
11
2
3
-3
2
8
3
-12
-16
-4
-12
-11
-6
-12
-20
-22
-16
-6
-7
-10
-12
-18
-19
-22
-31
-12
-15
-27
-28
-26
-38
-17
-13
-28
-20
-22
-23
-28
-29
-39
-22
-28
-33
-25
-34
-33
-21
-31
-20
-10
-36
-35
-24
-32
-26
-18
-34
-21
-21
-31
-23
-32
-36
-28
-21
-17
-25
-17
-20
-33
-19
1
-16
-22
-16
-22
-28
-27
-38
-33
-35
-37
-53
-47
-38
-49
-35
-25
-35
-41
-41
-51
-50
-35
-49
-53
-42
-52
-39
-33
-46
-36
-48
-51
-38
-55
-36
-35
-46
-34
-46
-56
-36
-45
-47
-41
-36
-54
-39
-40
-36
-38
-31
-48
-38
-32
-53
-47
-46
-49
-55
-50
-56
-50
-39
-38
-30
-35
-42
-33
-36
-20
-25
-33
-17
-31
-23
-18
-19
-16
-27
-18
-28
-15
-9
-22
-8
5
-27
-17
-6
-30
-21
-10
-20
-25
-25
-8
-61
-12
-12
-52
-23
-15
-34
-22
-15
-23
-5
-18
-10
2
-10
2
-7
-5
0
-3
0
-12
-8
-8
-24
-28
-19
-19
-22
-14
-17
-19
-8
-14
-9
-5
4
1
6
8
9
15
13
13
13
25
16
10
9
21
19
19
25
7
6
8
12
20
4
25
30
30
35
27
27
8
32
32
16
16
16
-1
2
11
7
-2
15
31
13
4
32
28
18
25
25
22
29
32
28
33
23
32
6
13
19
11
22
8
24
30
29
38
38
30
28
21
21
22
19
15
13
25
15
13
19
23
18
21
34
11
22
32
7
16
12
5
14
-5
3
14
4
7
11
2
12
18
1
12
15
8
10
16
4
14
3
0
12
12
0
7
16
7
5
-3
5
11
20
8
1
7
-6
-9
-10
2
-6
-13
-2
-5
0
9
24
14
4
16
20
6
3
2
-11
-7
-17
-15
-7
-19
-23
-25
-17
-7
-11
1
6
13
10
-12
-19
-16
-8
-10
4
9
1
10
-11
-6
-4
-15
-23
-21
-23
-18
-20
-30
-14
-20
-10
-17
-15
-16
-13
-15
-5
-10
0
-1
1
11
-3
-15
-10
-15
-15
-7
-7
7
14
1
-4
3
-4
-11
-7
-5
2
8
5
6
10
-1
1
1
-1
2
1
-4
20
14
18
28
16
7
9
5
3
8
-6
6
6
-1
5
-8
-11
-10
-20
-11
-12
-14
-17
5
-2
-13
-9
2
-3
-5
-4
-15
-8
-6
-2
-9
1
-1
-6
-11
-19
-28
-20
-18
-15
-15
-20
-5
-15
-15
-16
-11
-6
-3
-15
-13
-14
-7
-8
-20
-12
-14
-9
-1
-20
-12
-2
-19
-17
-9
-11
-17
-22
-21
-15
-9
-8
-15
5
13
4
4
0
-4
3
-5
-4
-8
-8
-14
-13
-8
-17
-25
-21
-27
-32
-25
-34
-33
-21
-23
-27
-24
-36
-34
-21
-25
-18
-6
-7
0
-6
-14
-3
-6
-4
0
10
5
4
13
11
22
20
30
16
6
6
1
3
-4
10
3
6
13
8
8
20
9
9
19
8
9
7
10
7
1
4
12
19
22
24
13
8
11
4
4
9
10
18
12
18
10
12
22
18
16
21
26
23
26
8
22
28
18
23
24
19
25
29
22
42
38
23
40
31
36
33
39
34
45
43
50
42
46
51
34
52
44
45
32
39
44
35
33
36
38
34
30
31
32
28
26
18
23
12
6
10
1
6
9
-3
-7
5
8
21
26
20
20
19
9
4
15
5
-1
12
7
18
19
14
22
8
33
16
18
23
19
16
17
22
26
34
28
38
31
39
30
23
24
24
27
20
25
26
27
28
31
36
41
41
48
44
41
41
29
18
31
18
29
42
35
25
36
36
16
23
25
21
15
13
8
20
9
17
35
17
22
24
18
15
14
13
18
8
8
12
9
6
10
7
7
9
3
5
14
23
19
16
20
27
26
21
30
36
31
34
41
32
30
30
32
28
45
41
38
43
42
48
57
54
57
64
62
70
70
72
74
74
72
73
70
69
62
61
55
59
55
58
52
51
53
65
76
75
74
76
73
76
82
73
71
68
76
59
66
65
62
74
79
77
73
72
73
72
57
70
58
57
66
60
63
70
75
53
75
35
62
65
45
52
43
53
53
48
48
57
39
40
44
42
31
36
37
30
41
36
41
43
42
45
45
36
35
38
35
38
35
37
42
33
39
31
46
54
49
54
60
53
60
64
67
62
59
71
55
49
57
62
66
79
69
64
68
59
52
52
54
47
58
58
60
64
59
56
57
61
61
57
56
53
53
67
63
64
54
51
52
51
49
48
49
53
40
49
46
44
50
61
57
50
54
61
60
65
68
55
62
57
62
57
77
74
75
83
83
85
90
88
84
93
97
91
90
92
89
88
82
85
93
84
82
76
75
75
74
82
89
84
85
96
88
87
89
94
79
92
82
87
88
95
97
93
82
85
81
83
82
78
68
74
62
62
64
62
67
63
67
57
65
65
67
66
66
62
57
53
63
63
48
64
65
67
72
65
76
64
69
69
71
72
74
67
75
74
86
89
83
99
79
83
95
81
85
88
79
90
100
84
91
102
90
84
99
91
85
89
103
97
92
94
84
88
94
95
88
90
102
107
100
104
101
97
105
100
97
101
99
100
98
94
94
86
91
79
82
79
72
70
78
73
66
78
75
75
74
60
63
62
67
69
72
81
77
78
82
82
77
87
86
86
100
100
88
80
78
59
59
65
56
59
45
56
69
61
64
75
71
71
70
67
70
77
81
100
86
93
100
96
98
95
92
101
105
111
105
106
108
104
97
100
93
106
104
96
100
98
108
101
110
95
98
96
83
83
85
87
86
86
86
82
79
85
77
79
68
68
66
67
64
54
66
63
56
56
48
51
47
44
40
43
41
39
36
43
43
47
43
37
43
34
31
33
31
33
37
40
31
36
41
35
45
54
43
48
60
41
43
48
37
46
49
52
58
65
62
55
60
63
64
62
62
57
53
54
57
53
57
56
60
49
48
52
52
60
68
69
73
74
66
67
78
86
77
76
87
77
55
58
59
65
56
50
57
56
53
60
56
59
57
46
47
47
43
57
60
60
57
61
63
51
60
50
57
52
53
52
38
44
54
38
24
37
31
26
28
28
25
20
16
19
20
22
31
34
32
20
35
28
27
32
18
15
13
11
12
12
7
15
8
-1
11
-1
15
20
24
26
18
26
15
5
3
1
4
-5
-4
-6
-2
-4
-2
-18
-9
-3
-12
-9
-11
-6
2
-5
-8
3
-4
-12
-7
-26
-22
-29
-29
-23
-19
-16
-10
-5
-17
-8
-9
-13
-14
-6
-12
-11
-18
-19
-23
-33
-25
-32
-44
-39
-39
-40
-40
-38
-37
-37
-37
-34
-42
-44
-45
-45
-34
-29
-26
-24
-23
-28
-21
-26
-28
-28
-26
-11
-22
-34
-13
-29
-35
-40
-40
-40
-48
-35
-31
-33
-23
-8
-30
-25
-30
-35
-34
-26
-29
-28
-35
-41
-34
-48
-50
-47
-51
-66
-66
-63
-79
-70
-70
-70
-73
-76
-91
-82
-98
-107
-107
-102
-106
-116
-103
-111
-106
-95
-97
-98
-81
-88
-81
-78
-76
-81
-77
-78
-74
-69
-72
-77
-80
-72
-65
-53
-49
-44
-38
-35
-36
-29
-38
-42
-23
-24
-17
-14
-24
-14
-22
-35
-28
-29
-37
-41
-33
-30
-30
-22
-20
-15
-13
-23
-34
-22
-34
-28
-25
-32
-18
-24
-34
-32
-39
-36
-33
-37
-42
-52
-41
-54
-55
-60
-57
-65
-68
-54
-55
-59
-67
-57
-49
-67
-61
-59
-60
-59
-61
-59
-68
-54
-59
-58
-49
-67
-66
-66
-70
-59
-61
-67
-58
-64
-74
-68
-66
-60
-66
-70
-62
-68
-73
-70
-69
-65
-67
-65
-60
-66
-60
-55
-55
-45
-47
-47
-46
-39
-48
-43
-42
-36
-34
-34
-35
-39
-44
-36
-43
-44
-26
-42
-46
-40
-45
-45
-50
-36
-27
-41
-36
-40
-41
-54
-57
-70
-58
-64
-77
-62
-60
-75
-82
-77
-81
-80
-63
-78
-68
-76
-82
-71
-80
-79
-83
-80
-78
-81
-76
-85
-76
-80
-84
-79
-81
-80
-81
-73
-82
-79
-66
-74
-76
-77
-87
-85
-89
-92
-94
-93
-92
-105
-86
-104
-109
-106
-100
-111
-103
-115
-115
-111
-119
-111
-115
-113
-114
-118
-113
-116
-123
-121
-133
-126
-130
-140
-127
-131
-139
-123
-123
-130
-117
-120
-123
-120
-110
-120
-115
-103
-120
-103
-115
-114
-110
-113
-107
-109
-117
-98
-94
-100
-102
-102
-118
-111
-98
-111
-110
-106
-106
-92
-96
-103
-97
-104
-100
-99
-100
-113
-97
-104
-115
-98
-108
-112
-101
-107
-102
-95
-113
-105
-86
-101
-86
-78
-82
-78
-86
-84
-74
-73
-83
-70
-64
-71
-63
-70
-79
-72
-76
-79
-74
-82
-66
-70
-77
-80
-84
-82
-86
-89
-99
-109
-104
-110
-106
-108
-111
-107
-112
-110
-106
-105
-102
-99
-92
-90
-92
-87
-83
-88
-83
-92
-84
-87
-87
-77
-82
-87
-83
-80
-67
-68
-71
-66
-65
-74
-79
-64
-61
-81
-78
-74
-79
-87
-86
-81
-79
-84
-78
-72
-78
-62
-73
-85
-85
-91
-88
-88
-82
-84
-73
-87
-88
-78
-99
-93
-88
-96
-91
-82
-96
-74
-75
-87
-76
-77
-87
-94
-93
-84
-85
-85
-79
-73
-84
-61
-67
-71
-65
-63
-64
-58
-52
-47
-44
-38
-29
-43
-41
-37
-39
-37
-39
-42
-46
-36
-33
-36
-29
-37
-38
-33
-41
-51
-37
-42
-50
-34
-44
-45
-36
-61
-40
-46
-58
-42
-41
-44
-40
-39
-46
-47
-44
-42
-33
-35
-35
-27
-44
-36
-48
-39
-46
-43
-38
-38
-26
-27
-33
-37
-38
-36
-38
-22
-39
-24
-14
-23
-17
-25
-22
-17
-13
-14
-10
-18
-8
-11
-20
-20
-8
-20
-13
-1
-9
-16
-23
-17
-20
-29
-26
-32
-43
-45
-42
-39
-42
-40
-43
-53
-53
-52
-49
-50
-51
-50
-47
-59
-64
-49
-61
-42
-53
-50
-29
-30
-29
-20
-20
-35
-33
-26
-33
-24
-26
-27
-26
-17
-17
-14
-16
-17
-13
-12
-12
-9
-14
-10
-2
-2
-10
0
-2
-4
11
13
17
14
8
5
17
24
23
33
25
25
32
15
13
16
13
13
5
13
20
5
6
3
10
11
3
7
14
12
14
16
17
16
11
2
5
12
11
7
15
12
13
17
3
7
15
9
13
16
22
38
34
31
54
51
42
47
52
49
53
46
54
64
61
66
63
57
52
49
41
35
48
53
54
58
56
43
45
40
35
34
18
26
23
29
32
24
39
24
23
32
33
33
29
41
44
40
36
42
39
32
36
38
47
47
50
58
68
70
64
65
59
69
65
65
62
58
67
56
58
55
35
55
58
49
52
49
56
73
57
58
73
73
65
63
63
57
63
42
36
55
39
34
36
17
15
21
9
20
25
21
19
15
9
7
0
-4
9
4
13
23
26
36
48
44
56
56
56
65
54
60
52
65
80
69
83
79
61
67
52
55
60
50
57
64
62
54
58
60
61
77
73
66
84
84
83
78
61
75
78
67
58
82
80
87
81
67
94
90
82
81
72
63
78
49
63
76
52
64
58
60
67
75
54
61
79
77
60
69
65
71
73
39
62
73
60
83
81
88
92
87
86
89
113
115
107
127
134
131
122
130
140
122
110
122
106
96
91
95
77
82
100
78
90
82
83
68
57
71
74
65
79
75
79
72
69
83
79
73
82
83
69
75
68
72
79
73
76
74
69
74
74
63
65
63
70
73
72
71
87
77
62
72
84
71
74
78
71
77
68
67
67
52
48
70
56
49
61
57
61
57
55
57
77
59
61
72
49
61
65
50
62
50
50
63
65
55
59
63
50
55
63
53
56
56
51
46
54
50
47
55
53
35
31
57
41
50
55
51
42
38
57
34
18
23
42
20
18
16
13
11
18
14
11
32
38
20
19
28
15
10
8
32
30
34
41
33
29
28
32
28
29
46
37
39
57
52
50
54
53
63
38
14
17
6
-10
-2
16
14
27
31
36
32
43
56
66
72
76
69
72
87
98
104
111
116
138
146
127
141
127
126
154
151
128
149
166
141
131
126
133
114
113
102
88
75
70
90
87
96
73
80
99
94
91
91
120
123
117
97
119
127
112
99
119
135
119
106
103
100
92
81
88
68
67
83
55
78
76
80
64
38
35
31
23
-4
19
-4
-5
21
0
-20
-15
-5
-14
-21
21
19
21
30
35
16
23
35
38
24
3
-1
-9
-15
-16
-38
-51
-18
-40
-61
-64
-75
-62
-44
-42
-38
-60
-59
-51
-60
-93
-63
-41
-60
-47
-20
-38
-9
-5
-30
-35
-30
-34
-19
-42
-30
4
-16
-6
15
-7
6
24
-9
-10
-1
-22
-26
-37
-21
19
2
-38
-31
-28
-60
-86
-70
-67
-40
-18
-8
3
21
27
24
50
77
74
74
88
83
79
87
116
135
144
153
150
138
113
132
119
126
128
123
117
110
119
104
85
98
128
140
139
123
111
145
116
107
136
107
84
123
110
95
85
99
87
93
81
86
53
56
36
33
59
62
50
53
84
54
10
1
-6
-40
-65
-37
-35
-27
-9
-24
-13
-26
-43
-60
-47
-32
-71
-67
-72
-47
-44
-67
-44
-48
-47
-57
-39
-58
-73
-52
-71
-74
-72
-67
-77
-80
-51
-77
-66
-70
-87
-84
-69
-60
-76
-86
-64
-16
-21
-12
8
14
35
33
23
44
78
53
49
69
81
83
77
75
89
100
100
85
87
107
54
50
84
59
19
83
84
33
46
47
73
62
59
48
60
77
81
70
48
91
116
113
111
135
94
88
130
96
113
116
64
80
97
54
79
62
45
86
72
39
73
37
-4
36
31
2
24
28
22
36
2
38
53
33
18
12
13
47
31
31
86
75
65
54
44
60
33
-8
29
31
4
15
22
9
36
35
-21
5
6
-5
28
43
6
18
43
9
3
6
9
51
28
26
28
33
53
74
47
19
38
25
51
82
40
31
91
85
53
76
73
58
3
18
95
91
47
56
61
8
33
23
-14
18
52
-50
-5
5
-41
-11
16
-43
-3
-7
31
33
53
-287
-573
-830
161
327
-347
135
-174
-644
339
619
-374
-563
264
1013
985
-272
-1550
-356
1171
1664
305
-264
143
432
-226
-117
19
-77
-49
493
368
222
15
-271
-375
-3
212
229
-178
-214
150
361
74
-121
-276
-220
22
461
435
-86
-424
-7
247
-82
-272
-60
149
24
16
85
131
194
369
217
50
37
-39
59
37
-316
-424
76
396
29
-210
48
344
-42
-286
-182
-91
106
185
-133
-410
-289
193
261
-55
-71
57
93
-45
-169
-249
-205
18
27
-33
38
148
192
92
-76
-11
23
-49
-195
-217
-113
-108
-106
-81
-16
3
178
138
-18
-77
-186
-236
-2
28
-105
-39
44
8
-87
-49
2
85
151
194
133
49
-26
-44
-133
-212
-195
-92
-42
-50
-64
16
-22
-92
-64
-117
-144
-30
30
-74
-133
-11
173
38
-177
-55
123
72
25
79
86
96
59
104
105
78
210
242
81
119
250
231
131
22
-13
129
81
-40
11
82
120
154
105
73
106
171
238
164
126
145
106
47
43
33
42
44
15
-46
-55
4
48
-7
-109
-145
-163
-176
-183
-187
-81
-59
-24
36
93
77
-21
-44
-27
19
-30
-101
-77
-76
-32
-66
-62
-42
-52
57
61
-70
-171
-63
17
52
-40
-44
-47
3
-61
-129
-2
37
-74
-142
-149
-126
-49
-85
-198
-222
-94
-126
-162
-147
-56
-70
-76
-122
-188
-154
-137
-156
-143
-119
25
103
-2
24
88
143
202
169
97
115
124
79
52
16
92
228
141
82
115
79
7
33
17
-95
-112
-136
-95
-118
-118
-94
-62
19
28
18
-40
-21
27
-24
-16
-44
-76
-55
3
40
18
41
15
-33
-62
-82
-48
-53
-88
-115
-114
-113
-29
54
73
3
72
130
64
22
-48
-25
-26
-4
-28
-41
28
118
211
158
119
168
142
81
79
27
48
63
6
20
44
74
65
-11
21
80
30
-33
-81
-73
-68
-37
-35
-4
77
67
74
32
80
30
48
92
40
96
44
-10
3
47
-29
-1
101
110
116
144
121
110
87
39
27
40
-6
99
192
89
4
51
-36
-62
-53
-121
-193
-220
-165
-110
-110
-179
-155
-73
-130
-126
-135
-181
-143
-57
-85
-118
-125
-145
-127
13
-78
-48
44
-13
83
82
-83
-111
-56
-183
-178
-129
-163
-139
-97
-199
-113
-74
-116
-78
-71
-78
-58
-62
-133
-76
-10
22
2
34
55
75
112
55
2
5
-4
26
-1
25
35
33
3
-61
-34
30
70
10
-33
34
-28
-11
-24
-72
-75
-74
26
84
76
111
147
115
60
79
46
75
126
40
74
152
48
102
120
79
165
62
68
148
155
21
-476
-912
-1154
837
-181
-504
556
-365
-601
1198
585
-676
-1058
473
1134
1428
-1257
-2160
43
1820
1677
-559
-655
423
723
-372
25
-477
-647
-152
787
394
517
259
-268
-383
67
427
255
-410
-190
302
436
-24
-244
-460
-272
54
487
185
-315
-516
267
111
-401
-535
-52
-83
-140
-186
-81
21
178
326
-30
-121
14
-81
-16
-316
-732
-567
354
294
-445
-481
158
282
-330
-434
-377
-60
216
199
-297
-654
-262
400
173
-351
-186
154
137
-100
-121
-355
-221
74
-12
-14
82
207
276
33
-150
-32
-7
-75
-235
-92
-7
-19
-37
-49
3
-53
98
89
-25
-147
-259
-320
-36
-120
-356
-267
-66
-43
-183
-147
-125
55
156
202
202
55
8
92
-46
-185
-28
59
72
83
116
247
49
108
194
12
-91
12
-14
-192
-125
164
238
17
-72
199
284
151
37
78
104
-10
20
94
76
97
248
134
-65
11
263
224
-49
-91
-21
-12
-206
-156
-180
-161
-45
-4
-11
19
61
79
185
34
2
25
54
71
79
131
223
204
93
117
126
123
213
98
35
7
-44
-52
-14
-52
-17
-73
16
-59
-51
-56
-216
-185
-205
-215
-299
-398
-337
-364
-423
-484
-533
-546
-425
-367
-374
-447
-520
-375
-362
-436
-373
-257
-140
-24
-108
-197
83
66
-206
-218
-175
-65
-26
-131
-264
-92
-27
-113
-55
-32
51
86
104
17
4
71
137
78
39
180
301
223
132
168
121
185
269
86
157
205
125
77
98
119
178
327
284
227
273
207
193
176
54
48
64
-11
39
52
96
75
30
83
134
-25
-116
-41
-159
-182
-113
-146
-241
-208
-128
-82
-62
-34
-13
-105
-147
-137
-67
-70
-127
-75
-132
-96
21
-41
-71
-124
-13
-26
-121
-100
-178
-281
-211
-223
-321
-301
-200
-151
-98
-101
-155
-162
-171
-239
-266
-203
-264
-259
-185
-270
-243
-150
-195
-203
-173
-189
-203
-220
-267
-280
-287
-293
-170
-63
-84
-129
-111
-43
-75
-100
-91
-144
-111
-50
-114
-166
-61
-95
-108
-56
-68
-55
-46
-19
-6
-63
-126
-122
-90
-51
-90
-22
43
18
52
79
89
74
77
60
-58
-76
-67
-80
-42
-88
-26
-2
12
-12
-12
-73
-50
39
-52
-124
-28
-5
-58
61
41
-2
46
45
38
-6
-82
-53
-27
-98
-102
-58
-7
-43
-95
-43
-64
-75
-96
-151
-113
-123
-166
-173
-197
-191
-182
-201
-156
-164
-161
-147
-210
-180
-199
-225
-293
-274
-240
-242
-195
-163
-201
-144
-152
-157
-112
-161
-295
-213
-157
-202
-178
-250
-220
-165
-129
-203
-171
-65
-110
-174
-135
-119
-79
-133
-131
-62
-32
80
52
39
82
45
86
61
14
-3
56
28
15
8
-41
26
78
7
23
82
47
29
25
-84
-45
24
-11
16
-11
-13
96
80
74
96
16
34
71
-15
-82
-22
-41
-8
10
-36
42
61
-9
1
-4
13
13
-15
-36
-16
-41
-96
-30
0
-5
55
3
29
65
-19
-9
-4
-100
-85
-54
-80
-80
-122
-130
-85
8
-106
-72
-42
-65
-1
-99
-129
-137
-43
6
4
-26
-62
79
-1
-43
24
-65
-12
-24
-126
-30
-52
-82
41
28
-52
12
29
-21
-21
-64
-90
-48
-116
-133
-135
-143
-125
-54
-112
-189
-114
-135
-181
-130
-166
-246
-181
-266
-265
-184
-283
-226
-229
-229
-164
-146
-211
-277
-185
-199
-255
-229
-266
-177
-138
-189
-183
-165
-197
-153
-80
-160
-105
-63
-160
-44
-51
-145
-4
0
-75
13
34
-41
24
-1
-46
0
-79
-30
-52
-61
12
-19
-138
-73
-19
-132
-77
-53
-159
-86
-126
-142
-67
-134
-113
-56
-112
-64
-19
-24
-56
-17
-87
-79
-14
-130
-99
-13
-98
-41
-47
-65
-21
-48
-114
-71
-58
-90
-24
-71
-86
-6
-18
-74
3
-57
-78
-12
-91
-72
-80
-142
-107
-79
-110
-63
-38
-78
-53
5
-47
-51
-127
-95
-80
-79
-116
-122
-106
-86
-99
-94
-45
-79
-110
-49
-105
-123
-133
-149
-105
-129
-104
-129
-168
-66
-47
-52
-73
-74
-132
-125
-94
-140
-116
-108
-108
-120
-232
-151
-149
-123
-172
-129
-87
-132
-137
-98
-95
-77
-130
-112
20
54
-27
27
13
-60
-46
-90
-25
-27
-94
-26
-36
-28
23
43
61
74
55
90
30
-12
-29
22
28
-43
38
50
64
93
56
80
83
40
43
35
49
41
-4
9
37
1
-18
68
55
65
38
21
62
30
-21
-10
-32
-5
21
9
-78
-3
11
-70
1
-91
-92
-27
-108
-14
-12
-131
-43
-98
-154
-70
-22
-137
-136
-118
-117
-85
-144
-197
-132
-52
-112
-96
-135
-163
-57
-172
-229
-120
-169
-211
-173
-164
-141
-137
-186
-150
-125
-194
-88
-62
-131
-130
-81
-126
-106
-122
-179
-23
-30
-58
-4
-24
-56
-41
-63
-97
-58
-173
-112
-26
-130
-98
-104
-187
-113
-123
-135
-149
-106
-167
-112
-138
-196
-137
-244
-167
-85
-117
-86
-82
-152
-144
-95
-117
-148
-133
-201
-144
-127
-176
-192
-125
-140
-129
-170
-254
-104
-157
-225
-133
-153
-237
-190
-180
-211
-168
-233
-213
-121
-134
-202
-140
-149
-185
-112
-157
-201
-129
-164
-143
-64
-135
-166
-127
-48
-137
-36
-27
-85
61
-22
30
42
22
-47
-30
39
15
21
-53
-55
92
-55
-50
2
-69
-16
-45
-87
-68
-65
-92
-10
-7
-43
-60
-79
4
-33
-77
-95
3
-77
-127
-61
-134
-182
-74
-93
-151
-68
-147
-163
-48
-116
-134
-93
-210
-174
-96
-163
-129
-116
-150
-143
-158
-270
-191
-164
-248
-147
-140
-242
-129
-146
-302
-145
-119
-229
-54
-110
-174
-101
-157
-158
-80
-101
-107
-28
-143
-180
-5
-94
-201
13
-41
-74
17
-102
-21
80
1
-18
172
111
99
102
4
82
85
17
82
91
71
142
140
114
207
195
100
108
124
22
69
65
47
119
12
35
142
-56
-47
-22
-47
11
4
-27
-100
-39
-58
-43
58
-9
27
34
27
99
57
13
-71
-83
-137
43
137
36
198
112
29
87
62
45
87
56
-8
150
112
-63
-41
70
80
42
-46
51
91
-59
55
-16
-163
-124
-97
-66
1
1
-68
74
21
-101
-19
-2
-44
14
59
1
94
42
-23
123
127
-78
48
-80
54
-96
227
-519
-383
-1965
261
2452
-1873
873
760
-2849
-299
3190
-216
-1979
-1011
986
1215
1689
-4670
-1658
1310
3960
863
-2495
-1956
1281
-236
-412
675
-510
-1409
-714
276
135
1045
-398
-1473
-995
510
1772
266
-1791
-817
849
638
400
-255
-883
-396
1034
1514
284
-789
-552
871
488
-254
-155
566
-81
-12
181
960
526
657
648
-311
94
317
572
812
-290
-1175
-268
1841
565
-754
-306
1322
685
-306
-175
-668
-63
357
560
-288
-849
-12
988
-140
-598
265
561
197
-87
-17
-254
349
202
-211
360
558
465
455
83
-75
215
201
-1
-117
97
239
633
340
558
463
381
683
218
371
17
-396
-535
1016
963
-321
548
640
-742
374
1638
436
-427
41
777
1121
155
-1278
-598
61
797
495
-436
-278
221
142
415
-50
-323
-405
-477
-108
581
350
-494
-418
-26
428
275
-125
-150
-175
-29
533
449
-296
-247
-105
255
517
388
-21
-287
-79
201
197
-191
-79
-443
-211
117
54
251
119
-73
-228
-180
-86
23
-125
-252
-217
-220
582
243
-677
-447
317
382
236
-69
-317
91
361
367
-112
-342
-8
259
87
-342
-346
458
496
99
152
195
192
475
602
405
89
198
460
502
198
-264
-9
600
477
187
97
99
334
-151
158
389
160
-105
-30
176
236
203
-281
-120
252
138
231
100
-127
452
578
121
-13
335
202
-1
305
244
185
236
303
257
364
230
206
412
171
403
622
223
359
625
496
524
471
385
708
481
215
251
316
441
660
258
9
449
423
234
220
197
162
274
117
78
174
274
209
-180
133
413
199
-31
152
60
50
409
155
-25
44
89
526
285
32
201
83
-196
-78
112
232
66
-89
-6
141
223
149
16
-283
-95
304
-15
-61
-1
-117
11
155
-83
-289
-295
118
302
204
-150
-163
0
5
-97
-415
-355
-300
-257
-97
-74
10
-133
-53
-7
-26
-30
-64
-112
-131
26
-35
98
485
212
8
306
396
299
344
212
217
370
363
392
282
425
692
449
417
602
531
486
538
520
369
380
343
293
337
396
548
576
489
496
541
338
537
453
222
268
220
203
179
273
125
94
249
160
246
224
165
24
235
293
101
111
153
284
430
364
305
364
370
513
474
213
204
363
246
188
258
371
439
387
242
279
352
305
115
193
288
309
358
375
224
346
473
355
404
286
351
277
170
168
41
26
134
130
137
91
36
-37
-65
-35
-57
-25
-73
-97
-81
-25
-65
-132
-134
-192
-162
64
-85
-78
68
110
107
49
71
153
89
-21
20
42
112
148
10
1
82
167
64
-28
12
-17
47
95
-6
2
182
172
78
202
189
196
206
48
39
-6
-30
37
139
5
-64
219
153
23
-8
-38
-4
50
100
75
49
163
207
224
185
173
341
326
313
291
252
282
334
228
240
334
220
218
316
420
431
432
286
341
430
400
400
272
149
271
370
322
214
126
163
319
289
75
76
109
92
158
44
-86
84
184
40
96
-39
56
218
82
77
61
43
111
135
169
108
117
212
301
178
143
252
264
187
136
114
125
249
163
167
236
185
233
235
191
195
301
240
256
328
288
256
182
143
260
293
109
88
209
281
312
164
133
225
170
177
206
209
314
333
293
311
275
263
339
392
303
317
355
296
372
387
308
330
362
361
373
322
285
321
388
327
355
401
315
361
375
400
414
423
317
366
402
263
273
375
386
297
275
259
283
296
252
189
143
130
185
156
78
30
27
21
19
34
10
67
44
49
113
25
-20
27
34
36
52
39
-31
-51
-31
30
-13
-87
-28
76
36
-70
-32
19
-32
-82
-66
-7
26
45
0
-111
-88
35
-21
-214
-269
-197
-168
-226
-248
-217
-222
-196
-176
-147
-220
-211
-192
-191
-198
-211
-189
-223
-181
-86
-93
-103
-31
-64
-94
-84
-160
-94
-76
-64
-121
-134
-78
-85
-47
-53
-51
13
58
110
146
147
6
-48
32
70
48
50
-42
2
63
56
-28
0
25
29
63
-25
-137
-56
-13
38
14
13
46
73
57
38
70
4
0
45
64
-46
-50
8
116
201
258
148
21
-24
7
39
70
50
100
210
126
187
194
139
75
187
197
183
221
50
121
121
57
-34
-36
12
27
85
87
5
-86
-42
-154
-126
-40
-75
-153
-63
-176
-115
10
-232
-212
-63
-118
-171
-75
-38
-19
42
-66
-40
-26
19
41
75
163
117
15
-33
20
78
203
185
86
139
121
17
33
71
142
145
74
30
14
37
2
-3
-1
-67
-26
-19
-29
-24
56
93
40
-22
-61
-64
-141
-166
-141
-80
-109
-165
-176
-106
-43
-18
35
36
-10
-47
-6
7
21
35
117
93
137
136
24
26
90
103
151
166
97
35
97
130
102
183
207
227
247
240
214
212
214
290
400
359
249
250
250
242
280
263
253
191
218
171
115
140
154
114
78
106
95
47
16
92
121
129
87
29
93
116
66
20
49
97
116
32
63
123
146
130
74
99
57
7
47
85
103
13
-43
-81
-66
-29
-61
-84
-73
-7
4
-58
-50
-64
-13
33
-17
-89
-127
-22
-97
-119
-149
-222
-186
-162
-200
-185
-102
-67
-114
-101
-105
-109
-99
-120
-85
-54
-84
-135
-114
-93
-139
-72
-18
-69
-94
-115
-118
-105
-71
-110
-144
-106
-84
-64
-103
-110
-135
-158
-172
-94
-179
-246
-210
-215
-188
-222
-275
-264
-290
-317
-278
-316
-337
-334
-304
-304
-392
-398
-383
-302
-316
-306
-329
-325
-337
-328
-324
-315
-198
-246
-289
-197
-264
-279
-275
-253
-260
-229
-256
-266
-219
-180
-130
-171
-136
-109
-148
-154
-169
-182
-139
-83
-163
-180
-135
-156
-170
-143
-172
-171
-139
-185
-206
-225
-219
-238
-246
-207
-184
-185
-197
-156
-144
-167
-178
-196
-207
-193
-203
-237
-228
-186
-219
-203
-178
-203
-165
-154
-206
-181
-205
-213
-221
-227
-209
-182
-222
-267
-271
-258
-219
-216
-248
-239
-214
-295
-288
-287
-292
-284
-269
-274
-260
-211
-242
-227
-218
-237
-209
-203
-267
-285
-243
-234
-168
-204
-221
-164
-209
-220
-208
-228
-213
-197
-183
-198
-163
-160
-102
-71
-72
-52
-48
-33
-9
-32
-35
-54
-52
-62
-9
31
11
26
8
0
8
-19
-36
-40
-32
30
25
-12
-32
38
-8
-78
-57
-69
-103
-101
-138
-180
-166
-160
-190
-158
-147
-152
-94
-136
-192
-185
-148
-183
-209
-213
-192
-200
-245
-216
-207
-211
-202
-153
-178
-197
-186
-200
-138
-147
-198
-140
-127
-173
-137
-142
-166
-138
-137
-159
-143
-150
-110
-96
-134
-125
-79
-65
-112
-121
-126
-105
-119
-134
-133
-141
-180
-175
-185
-214
-203
-184
-216
-262
-249
-295
-261
-246
-271
-264
-292
-284
-246
-292
-307
-258
-251
-260
-254
-259
-277
-240
-231
-225
-193
-209
-224
-245
-237
-241
-221
-234
-220
-205
-201
-243
-281
-275
-219
-228
-268
-255
-240
-221
-231
-248
-276
-272
-244
-242
-251
-259
-216
-193
-193
-171
-175
-132
-135
-178
-208
-176
-183
-169
-158
-195
-180
-139
-145
-162
-152
-124
-88
-113
-146
-127
-119
-111
-159
-103
-75
-104
-125
-124
-155
-176
-174
-181
-190
-168
-177
-203
-191
-218
-225
-239
-224
-212
-220
-219
-247
-262
-274
-255
-261
-326
-326
-286
-298
-320
-304
-316
-349
-320
-320
-330
-344
-347
-333
-322
-324
-326
-320
-302
-312
-325
-299
-286
-302
-314
-291
-281
-279
-261
-291
-291
-285
-256
-288
-304
-300
-280
-250
-273
-290
-279
-297
-325
-278
-300
-276
-294
-309
-276
-299
-297
-327
-303
-309
-304
-326
-365
-349
-331
-360
-381
-351
-357
-338
-310
-340
-357
-293
-281
-268
-299
-285
-242
-229
-241
-270
-229
-207
-227
-244
-271
-241
-247
-258
-270
-265
-226
-237
-256
-248
-226
-170
-188
-210
-214
-189
-157
-232
-198
-147
-165
-158
-149
-141
-153
-148
-150
-157
-155
-158
-156
-126
-115
-110
-110
-108
-96
-85
-87
-70
-90
-103
-81
-63
-43
-11
-26
-43
-11
-33
-28
-58
-70
-38
-8
-72
-38
-2
-24
-1
2
-18
-35
-43
-50
-55
-95
-94
-98
-121
-113
-147
-144
-146
-191
-162
-171
-170
-190
-194
-175
-194
-194
-229
-212
-219
-233
-226
-235
-229
-205
-197
-201
-189
-211
-159
-152
-191
-151
-124
-168
-144
-123
-93
-110
-133
-104
-90
-116
-146
-114
-91
-81
-58
-55
-83
-50
-48
-61
-63
-73
-54
-89
-73
-101
-91
-80
-67
-87
-72
-51
-90
-78
-98
-116
