-2970
-3119
-2888
-2494
-2170
-2098
-2190
-2113
-1818
-1811
-2524
-3522
-3826
-3082
-1954
-1223
-956
-832
-811
-1020
-1279
-1275
-1070
-928
-754
-317
-4
-611
-2107
-3257
-3028
-1922
-1327
-1766
-2421
-2321
-1410
-355
205
74
-440
-701
-322
297
383
-114
-319
348
1239
1326
664
344
983
1953
2302
1928
1468
1396
1653
1995
2294
2446
2292
1814
1307
1212
1687
2345
2568
2197
1777
1859
2175
1935
1019
327
603
1340
1448
745
125
237
670
724
401
225
431
786
1035
1112
1005
770
591
532
315
-294
-974
-1119
-660
-204
-214
-448
-400
7
434
589
376
-230
-1135
-2017
-2526
-2572
-2293
-1853
-1449
-1332
-1516
-1610
-1305
-961
-1256
-2171
-2808
-2446
-1423
-651
-530
-700
-697
-457
-179
2
124
320
601
659
95
-942
-1598
-1226
-327
-46
-720
-1519
-1664
-1374
-1194
-990
-302
632
1009
621
176
300
813
1253
1578
1953
2247
2225
1982
1786
1656
1515
1559
2012
2596
2781
2540
2385
2554
2702
2574
2456
2638
2870
2796
2553
2471
2452
2201
1888
1942
2240
2187
1716
1498
1875
2222
1894
1275
1205
1675
1839
1287
553
209
117
-96
-338
-266
82
339
336
233
200
272
433
549
321
-377
-1147
-1407
-1109
-787
-844
-1159
-1460
-1693
-1813
-1596
-1007
-478
-435
-722
-906
-997
-1391
-2137
-2790
-3088
-3251
-3377
-3062
-2057
-906
-375
-440
-444
-182
-163
-603
-846
-244
770
1086
289
-888
-1510
-1423
-1137
-1058
-1142
-1156
-1059
-1039
-1230
-1422
-1180
-392
400
525
31
-335
-116
280
280
23
36
293
260
-94
-53
754
1627
1720
1284
1284
1907
2202
1439
208
-255
494
1753
2604
2736
2406
1995
1756
1761
1877
1863
1628
1352
1282
1413
1472
1266
1003
1108
1646
2048
1693
751
118
328
858
863
352
96
414
677
257
-562
-1038
-989
-856
-931
-1072
-1152
-1288
-1502
-1563
-1358
-1133
-1177
-1478
-1832
-2060
-2031
-1745
-1527
-1781
-2343
-2490
-1937
-1425
-1763
-2606
-2883
-2341
-1818
-1864
-1932
-1417
-784
-909
-1699
-2176
-1850
-1258
-1050
-1203
-1383
-1537
-1776
-1998
-2001
-1738
-1234
-474
355
771
523
40
-47
253
337
-110
-663
-738
-304
183
378
386
581
1149
1799
2003
1663
1385
1742
2327
2106
860
-258
-91
1040
1810
1636
1176
1126
1289
1219
1120
1498
2265
2821
2915
2870
2928
2885
2549
2136
1948
1939
1881
1754
1686
1650
1506
1311
1286
1457
1596
1599
1668
1966
2259
2145
1569
899
483
319
232
172
151
40
-309
-707
-696
-125
537
725
473
249
161
-191
-906
-1323
-848
28
176
-706
-1685
-1858
-1454
-1244
-1320
-1122
-491
48
162
203
501
716
392
-214
-466
-355
-509
-1165
-1719
-1591
-1063
-882
-1319
-2006
-2458
-2370
-1589
-338
578
398
-573
-1088
-454
522
565
-388
-1180
-1060
-619
-797
-1510
-1821
-1278
-492
-284
-678
-1002
-811
-358
-167
-364
-610
-626
-575
-784
-1218
-1474
-1324
-1030
-936
-949
-699
-139
352
485
365
211
52
-100
-60
255
570
571
366
302
399
359
124
8
155
284
200
135
265
230
-371
-1231
-1638
-1466
-1289
-1423
-1463
-1087
-773
-1161
-1999
-2331
-1737
-868
-627
-1178
-1948
-2338
-2213
-1877
-1741
-1921
-2079
-1790
-1134
-677
-734
-894
-586
108
583
567
422
493
593
395
37
-23
348
760
782
391
-89
-332
-264
-118
-254
-787
-1351
-1410
-864
-169
227
395
669
1053
1176
836
326
110
327
752
1100
1233
1177
1075
1085
1167
1009
379
-445
-819
-436
271
604
370
-11
-104
75
265
377
517
680
660
311
-206
-527
-435
-75
171
68
-236
-378
-186
172
482
758
1099
1399
1473
1409
1493
1687
1553
930
377
523
1113
1216
474
-360
-391
299
887
906
615
386
252
171
253
479
542
292
43
73
83
-344
-903
-813
-7
585
310
-219
2
856
1253
735
138
343
1076
1481
1406
1412
1688
1765
1422
1159
1431
1920
2045
1835
1772
1928
1850
1298
596
145
-12
44
341
768
952
741
550
826
1363
1606
1532
1683
2231
2559
2096
1182
678
876
1232
1188
874
822
1200
1584
1499
997
548
357
83
-550
-1081
-758
281
875
272
-790
-1066
-523
-252
-699
-981
-348
529
482
-477
-1234
-1111
-488
24
252
165
-314
-905
-1079
-905
-1159
-2090
-2714
-2090
-818
-350
-988
-1565
-1229
-570
-531
-1020
-1298
-1254
-1476
-2207
-2942
-3157
-2922
-2654
-2594
-2687
-2720
-2484
-2012
-1675
-1810
-2244
-2454
-2214
-1787
-1439
-1156
-935
-920
-1030
-846
-245
238
122
-235
-135
377
600
336
214
629
1048
841
267
39
227
279
-8
-210
-39
229
306
370
685
1095
1268
1205
1164
1207
1176
1039
958
1025
1157
1247
1205
905
346
-138
-150
261
637
726
783
1101
1564
1860
1890
1670
1082
135
-651
-626
133
767
638
63
-234
-62
205
348
522
720
540
-206
-972
-1017
-371
170
90
-194
5
608
827
249
-580
-841
-434
20
16
-327
-615
-701
-701
-673
-534
-256
6
7
-375
-1003
-1513
-1609
-1373
-1206
-1342
-1538
-1374
-793
-177
101
16
-214
-389
-453
-478
-588
-788
-876
-680
-357
-232
-263
-3
738
1483
1666
1415
1323
1526
1498
897
170
-14
351
651
495
174
252
940
1925
2690
2923
2725
2454
2354
2353
2272
2103
1957
1826
1611
1328
1094
896
647
483
699
1242
1570
1292
728
527
834
1210
1308
1231
1150
979
644
372
370
428
184
-317
-678
-742
-777
-939
-908
-324
565
1013
543
-541
-1446
-1618
-1178
-732
-745
-1124
-1438
-1513
-1594
-1828
-1865
-1297
-397
29
-367
-1026
-1267
-1186
-1382
-1964
-2362
-2228
-2004
-2282
-2868
-2956
-2214
-1282
-1016
-1487
-1989
-1952
-1548
-1344
-1560
-1888
-1978
-1856
-1769
-1762
-1617
-1189
-634
-236
-102
-112
-98
13
178
272
172
-111
-387
-441
-265
-65
-24
-97
-80
113
297
203
-156
-385
-126
494
1007
1230
1450
1861
2116
1800
1145
765
745
529
-117
-605
-382
196
378
124
41
286
288
-286
-897
-854
-220
373
514
209
-391
-1010
-1186
-734
-177
-202
-684
-787
-138
645
828
441
-79
-656
-1419
-2068
-2060
-1439
-915
-970
-1344
-1584
-1666
-1775
-1817
-1589
-1246
-1162
-1373
-1547
-1556
-1687
-2086
-2352
-2003
-1206
-671
-811
-1306
-1584
-1484
-1260
-1121
-1057
-1050
-1174
-1408
-1558
-1474
-1212
-891
-553
-289
-306
-641
-952
-866
-470
-168
-52
196
727
1241
1468
1578
1777
1854
1568
1241
1393
1863
1931
1413
991
1133
1292
776
-7
59
1252
2595
3143
3060
3058
3270
3220
2706
2152
2027
2282
2514
2461
2206
2038
2202
2683
3141
3163
2694
2133
1915
2012
1991
1581
1037
827
1023
1179
901
370
124
366
754
885
752
555
330
17
-259
-289
-118
15
48
130
240
109
-368
-965
-1474
-1881
-2050
-1664
-836
-368
-856
-1794
-2222
-2104
-2308
-3139
-3765
-3491
-2861
-2808
-3251
-3357
-2945
-2718
-3085
-3537
-3468
-2948
-2355
-1804
-1349
-1276
-1667
-2036
-1945
-1726
-1997
-2637
-2880
-2441
-1862
-1593
-1374
-861
-289
-37
69
430
901
956
574
339
543
742
488
49
19
489
1030
1347
1486
1443
1052
445
222
804
1809
2433
2419
2281
2505
2885
2895
2492
2173
2308
2728
3064
3180
3144
3044
3015
3238
3634
3788
3455
2998
2884
2910
2448
1510
912
1113
1507
1352
909
952
1456
1614
1115
548
350
203
-144
-231
303
875
731
141
-61
116
-89
-708
-764
174
1175
1267
729
278
-278
-1479
-2779
-3000
-2181
-1730
-2407
-3304
-3414
-3157
-3442
-4016
-3909
-3159
-2824
-3281
-3664
-3304
-2757
-2841
-3430
-3859
-3974
-4043
-3961
-3364
-2409
-1757
-1711
-1914
-1989
-1949
-1864
-1640
-1321
-1178
-1253
-1195
-780
-257
83
297
462
365
-15
-107
544
1404
1501
803
281
462
708
347
-158
127
1193
2125
2418
2487
2737
2852
2410
1722
1516
1953
2446
2474
2186
2050
2210
2418
2482
2499
2603
2682
2517
2142
1882
1993
2389
2800
3084
3274
3386
3374
3255
3091
2838
2352
1656
1059
893
1144
1410
1252
608
-84
-247
240
858
1009
717
507
606
647
309
-129
-227
-67
-73
-322
-533
-695
-1140
-1929
-2646
-3005
-3184
-3334
-3232
-2795
-2494
-2783
-3396
-3787
-3988
-4394
-4833
-4648
-3802
-3149
-3285
-3762
-3905
-3804
-3889
-3994
-3641
-3029
-2872
-3211
-3202
-2378
-1406
-1116
-1338
-1313
-897
-638
-788
-954
-853
-758
-880
-849
-284
429
540
21
-317
60
691
827
506
429
880
1340
1309
1078
1294
1990
2520
2462
2181
2281
2776
3093
2826
2201
1764
1806
2180
2553
2706
2644
2521
2487
2556
2603
2511
2330
2250
2384
2595
2612
2365
2130
2220
2542
2631
2201
1504
1012
857
799
678
621
728
816
668
371
193
199
217
144
71
34
-139
-595
-1143
-1361
-1048
-503
-265
-562
-1051
-1218
-1020
-975
-1494
-2304
-2759
-2672
-2513
-2722
-3138
-3342
-3296
-3310
-3494
-3622
-3559
-3459
-3417
-3219
-2679
-2035
-1758
-2042
-2659
-3201
-3326
-2878
-2084
-1550
-1745
-2395
-2692
-2204
-1297
-524
47
572
827
436
-389
-879
-673
-251
-152
-219
-58
122
-193
-812
-865
-69
724
701
307
610
1691
2452
2120
1223
732
785
803
521
256
238
283
259
336
548
567
293
304
1168
2441
2964
2236
1035
431
573
801
666
383
322
491
659
709
695
712
855
1154
1451
1452
1057
532
213
124
23
-267
-735
-1291
-1777
-1934
-1626
-1119
-870
-996
-1197
-1288
-1466
-1860
-2181
-2159
-2072
-2365
-2905
-3153
-3074
-3226
-3792
-4155
-3830
-3299
-3294
-3648
-3597
-3081
-2907
-3514
-4337
-4710
-4691
-4535
-4029
-3035
-2211
-2267
-2736
-2456
-1322
-548
-862
-1375
-929
181
713
284
-329
-551
-667
-956
-1067
-710
-242
-38
197
868
1649
1890
1672
1688
2112
2286
1762
1034
902
1511
2377
3048
3367
3318
3022
2769
2741
2767
2625
2466
2602
2968
3173
3077
2949
2964
2955
2797
2679
2720
2657
2242
1742
1636
1932
2166
2077
1898
1900
2012
2071
2141
2326
2477
2364
2041
1770
1642
1532
1415
1432
1582
1603
1301
826
464
298
225
161
-7
-512
-1426
-2279
-2330
-1442
-468
-447
-1483
-2633
-2929
-2296
-1454
-1128
-1451
-1994
-2216
-1925
-1439
-1291
-1691
-2304
-2607
-2421
-2033
-1839
-2003
-2438
-2977
-3444
-3624
-3294
-2417
-1301
-456
-142
-97
155
677
1011
808
319
1
-161
-494
-860
-606
493
1675
2016
1511
921
745
899
1302
2088
3049
3490
3075
2393
2190
2339
2176
1673
1584
2269
3056
3151
2740
2638
3112
3627
3721
3559
3441
3260
2843
2488
2632
3096
3172
2584
1913
1783
2012
2008
1748
1779
2244
2518
2101
1391
1146
1475
1830
1835
1585
1235
849
698
1095
1725
1733
861
-23
-49
459
551
76
-294
-346
-686
-1597
-2416
-2540
-2373
-2635
-3239
-3580
-3575
-3622
-3725
-3522
-3168
-3308
-3973
-4327
-3904
-3369
-3519
-4124
-4447
-4414
-4489
-4687
-4596
-4270
-4217
-4418
-4221
-3471
-2933
-3124
-3478
-3291
-2859
-2857
-3054
-2623
-1591
-967
-1248
-1718
-1583
-1056
-796
-865
-887
-802
-778
-634
-46
761
1202
1229
1389
1875
2163
1863
1366
1253
1502
1752
1981
2403
2873
3007
2817
2741
2966
3202
3228
3228
3383
3501
3341
3038
2915
3038
3210
3291
3287
3204
3047
2914
2921
3077
3347
3697
3927
3680
2915
2216
2216
2768
3094
2822
2411
2392
2633
2705
2621
2765
3201
3507
3322
2746
2137
1742
1572
1444
1110
522
-12
-135
111
306
139
-350
-978
-1582
-1940
-1905
-1746
-1981
-2649
-3091
-2794
-2174
-2046
-2492
-2777
-2415
-1797
-1608
-1997
-2561
-2860
-2716
-2224
-1706
-1497
-1585
-1596
-1299
-929
-819
-936
-1051
-1167
-1422
-1677
-1642
-1388
-1339
-1616
-1756
-1271
-265
691
1117
921
384
18
217
806
1124
807
320
414
1163
1924
2182
2070
1970
1991
2018
2044
2183
2484
2868
3175
3196
2833
2322
2122
2405
2826
2972
2886
2884
3007
3004
2816
2714
2840
2917
2632
2081
1600
1316
1102
928
998
1450
2094
2544
2582
2353
2192
2273
2432
2367
2011
1593
1323
1137
879
606
532
675
771
612
334
239
385
461
96
-718
-1542
-1897
-1784
-1710
-2105
-2816
-3330
-3441
-3425
-3533
-3632
-3506
-3260
-3162
-3246
-3324
-3317
-3263
-3076
-2618
-2023
-1669
-1715
-1962
-2239
-2637
-3175
-3531
-3374
-2795
-2162
-1720
-1560
-1769
-2268
-2659
-2652
-2529
-2740
-3081
-2843
-1928
-1189
-1336
-1969
-2176
-1702
-1001
-407
107
479
536
462
651
986
883
306
46
561
1142
890
80
-206
383
1127
1400
1393
1470
1539
1464
1490
1771
1902
1479
817
559
753
908
851
919
1251
1479
1332
1092
1166
1567
2039
2419
2618
2512
2152
1847
1791
1820
1770
1791
1973
1962
1449
814
709
1083
1271
1098
1155
1727
2131
1671
730
244
398
536
209
-369
-920
-1446
-1803
-1605
-895
-398
-661
-1321
-1671
-1624
-1607
-1736
-1714
-1468
-1309
-1355
-1341
-1145
-1027
-1082
-926
-295
389
501
53
-374
-403
-146
193
508
591
237
-306
-464
-124
131
-100
-355
-34
515
376
-483
-903
-34
1418
2036
1484
789
880
1483
1742
1431
1072
1073
1276
1404
1486
1624
1652
1386
1069
1184
1800
2404
2525
2298
2194
2339
2413
2191
1876
1778
1858
1820
1541
1199
984
885
843
934
1252
1681
1965
1994
1900
1820
1690
1386
987
726
679
647
447
199
178
422
673
714
612
520
419
201
-85
-287
-452
-829
-1466
-1978
-1910
-1293
-670
-529
-815
-1037
-825
-354
-209
-793
-1841
-2589
-2536
-1980
-1681
-1987
-2470
-2488
-1940
-1325
-1123
-1319
-1562
-1628
-1603
-1620
-1549
-1112
-339
267
248
-187
-368
-109
-52
-769
-1793
-2075
-1319
-322
134
175
333
664
850
813
671
309
-380
-938
-708
159
759
694
561
861
1161
961
727
1169
1906
1924
1246
990
1581
2050
1665
1189
1593
2276
1825
221
-963
-695
282
769
699
767
1144
1393
1378
1441
1700
1790
1464
1013
879
1112
1367
1331
1029
774
810
961
781
171
-363
-330
83
306
214
178
318
257
-216
-733
-910
-916
-1115
-1445
-1560
-1406
-1235
-1175
-1158
-1179
-1254
-1228
-1011
-930
-1365
-2068
-2350
-2059
-1797
-1989
-2261
-2113
-1772
-1817
-2244
-2418
-1918
-1004
-278
-172
-690
-1331
-1385
-703
-57
-287
-1156
-1603
-1171
-525
-333
-316
80
623
619
67
-239
208
1038
1590
1622
1237
572
-189
-741
-888
-710
-399
-99
41
-39
-46
478
1476
2245
2290
1981
1935
2049
1776
1204
1098
1692
2157
1726
823
488
980
1577
1671
1429
1274
1274
1313
1459
1772
1989
1806
1393
1261
1595
2011
2057
1722
1323
1049
838
643
612
889
1292
1346
771
-112
-629
-504
-170
-186
-526
-775
-893
-1270
-1922
-2180
-1599
-769
-644
-1239
-1643
-1356
-949
-1127
-1728
-2109
-2100
-2022
-1991
-1794
-1399
-1054
-820
-479
-30
156
-127
-606
-940
-1117
-1223
-1192
-1066
-1164
-1627
-2048
-1989
-1628
-1447
-1465
-1293
-868
-542
-421
-210
160
333
224
312
845
1223
741
-369
-1192
-1239
-785
-271
93
175
-34
-162
239
976
1314
952
447
402
685
782
543
197
-73
-140
199
913
1447
1255
541
44
132
509
798
909
820
484
129
170
591
850
665
478
770
1296
1485
1340
1374
1737
1967
1703
1205
963
1110
1380
1451
1191
742
439
477
626
476
17
-319
-269
-116
-250
-622
-867
-803
-561
-360
-354
-601
-986
-1295
-1500
-1798
-2164
-2149
-1489
-655
-331
-465
-400
59
343
74
-320
-328
-168
-343
-750
-842
-491
-130
-94
-340
-793
-1417
-1883
-1754
-1166
-784
-867
-905
-499
-83
-264
-873
-1253
-1185
-921
-527
92
627
613
309
491
1113
1037
-337
-1891
-2061
-841
307
353
-361
-1020
-1290
-1193
-832
-586
-897
-1465
-1295
-95
981
696
-593
-1452
-1297
-877
-864
-970
-762
-477
-481
-566
-402
-185
-187
-84
524
1222
1222
629
382
828
1198
833
181
38
377
558
311
-152
-692
-1187
-1149
-222
917
990
-250
-1559
-1797
-1339
-1314
-1909
-2258
-1854
-1249
-1185
-1638
-2063
-2165
-2064
-1927
-1757
-1480
-1042
-459
137
587
897
1183
1369
1206
716
338
371
530
422
253
572
1350
1863
1630
1011
620
539
477
403
536
851
1043
999
913
874
714
368
55
-62
-90
-84
168
759
1320
1448
1310
1421
1878
2244
2240
2058
1827
1221
13
-1266
-1727
-1143
-199
347
430
494
816
1212
1265
713
-279
-1133
-1295
-818
-364
-468
-899
-986
-494
117
306
88
-93
73
463
712
577
162
-174
-197
-96
-228
-547
-565
-43
535
531
35
-225
116
600
627
223
-174
-384
-554
-700
-633
-359
-196
-363
-672
-783
-602
-319
-199
-393
-827
-1180
-1125
-699
-277
-101
-13
205
449
508
484
681
1115
1450
1452
1230
1018
984
1279
1923
2535
2549
1938
1373
1356
1508
1180
534
397
1038
1719
1697
1172
861
1003
1261
1393
1489
1576
1468
1141
897
956
1140
1167
1048
961
901
715
453
418
812
1437
1818
1588
787
-122
-567
-331
259
629
454
-180
-968
-1581
-1728
-1316
-668
-389
-805
-1600
-2127
-2058
-1600
-1146
-887
-782
-729
-689
-692
-805
-1048
-1343
-1601
-1816
-2010
-2097
-1967
-1713
-1612
-1753
-1864
-1677
-1350
-1305
-1679
-2191
-2545
-2718
-2754
-2590
-2293
-2245
-2706
-3290
-3304
-2679
-2181
-2434
-3070
-3248
-2819
-2461
-2601
-2757
-2301
-1466
-1071
-1363
-1692
-1482
-1006
-894
-1179
-1285
-848
-116
488
842
1040
1131
1130
1099
1017
747
299
12
224
842
1450
1790
1931
2026
2131
2266
2414
2418
2140
1765
1669
1853
1824
1253
514
249
556
938
999
854
810
944
1101
1107
930
791
1069
1823
2441
2221
1390
1013
1549
2009
1178
-613
-1747
-1371
-386
-48
-310
-198
560
1139
861
102
-343
-308
-227
-335
-413
-301
-226
-433
-765
-853
-608
-307
-231
-403
-676
-888
-875
-548
-116
-56
-620
-1451
-1933
-1922
-1846
-2033
-2269
-2181
-1796
-1411
-1132
-886
-791
-1084
-1644
-1963
-1752
-1294
-1001
-898
-742
-435
-82
212
344
183
-195
-381
-68
488
801
859
1082
1532
1692
1284
822
944
1456
1534
837
-6
-114
712
1857
2519
2409
1970
1921
2479
3090
3096
2553
2109
2130
2312
2237
1931
1659
1495
1363
1300
1368
1472
1493
1492
1528
1467
1253
1165
1377
1468
913
50
-130
643
1388
1139
246
-167
291
961
1148
790
85
-837
-1656
-1870
-1440
-1018
-1111
-1359
-1134
-590
-514
-1137
-1708
-1487
-735
-340
-698
-1332
-1605
-1480
-1445
-1810
-2292
-2360
-1922
-1495
-1631
-2297
-2991
-3348
-3384
-3167
-2638
-1940
-1597
-1961
-2615
-2740
-2141
-1550
-1712
-2445
-2902
-2635
-2054
-1776
-1831
-1731
-1205
-563
-269
-361
-472
-342
-116
-92
-351
-713
-954
-938
-638
-197
73
-79
-565
-1009
-1090
-743
-77
688
1212
1229
911
828
1299
1923
2014
1474
948
1035
1598
1981
1761
1158
760
960
1585
2032
1847
1221
803
936
1239
1112
498
-107
-347
-374
-449
-494
-315
-94
-268
-875
-1330
-1098
-402
32
-93
-312
-152
131
-50
-649
-986
-815
-810
-1526
-2328
-2071
-776
169
-247
-1352
-1748
-1108
-350
-263
-692
-1151
-1521
-1839
-1931
-1730
-1597
-1866
-2273
-2319
-2052
-1989
-2280
-2491
-2320
-2066
-2124
-2385
-2467
-2265
-1957
-1664
-1430
-1391
-1584
-1696
-1386
-797
-348
-61
391
919
931
329
-12
639
1691
1929
1263
903
1621
2640
2747
1935
1264
1388
1919
2201
2075
1768
1536
1610
2083
2612
2640
2178
1993
2630
3576
3899
3529
3274
3586
3958
3787
3264
2967
2954
2821
2509
2459
2853
3191
2914
2175
1675
1804
2225
2346
2016
1628
1579
1752
1643
985
116
-395
-398
-235
-217
-282
-259
-216
-309
-472
-531
-527
-617
-684
-414
173
615
587
287
-9
-450
-1268
-2150
-2469
-2155
-1825
-1921
-2186
-2252
-2284
-2591
-2946
-2898
-2613
-2769
-3519
-4180
-4181
-3791
-3544
-3414
-3090
-2720
-2710
-2946
-2908
-2595
-2621
-3159
-3462
-2890
-1887
-1313
-1178
-777
44
562
287
-263
-295
225
686
698
386
25
-202
-134
271
743
918
806
755
917
1063
1042
1091
1455
1928
2064
1755
1349
1196
1296
1444
1584
1891
2525
3344
3910
3893
3477
3221
3432
3790
3767
3285
2767
2574
2659
2809
2954
3083
3049
2706
2209
1964
2196
2660
2843
2452
1658
875
321
-131
-645
-1111
-1269
-1109
-918
-897
-928
-826
-628
-475
-366
-234
-150
-216
-361
-486
-712
-1162
-1570
-1543
-1289
-1589
-2766
-4059
-4455
-3880
-3102
-2650
-2398
-2200
-2293
-2822
-3452
-3803
-3959
-4172
-4365
-4344
-4296
-4569
-5012
-5046
-4491
-3874
-3711
-3875
-3914
-3693
-3376
-3019
-2564
-2124
-1901
-1852
-1762
-1609
-1551
-1518
-1205
-563
55
391
585
756
689
284
17
392
1088
1262
766
441
952
1861
2291
2088
1804
1754
1738
1654
1773
2200
2590
2696
2798
3223
3720
3744
3231
2659
2402
2377
2366
2307
2222
2177
2398
3064
3838
3994
3306
2511
2461
2992
3120
2340
1272
827
1111
1447
1293
794
448
469
597
506
263
254
619
953
787
269
0
193
373
95
-427
-735
-824
-963
-1080
-913
-697
-1011
-1814
-2309
-2131
-2037
-2820
-4008
-4423
-3866
-3373
-3666
-4157
-3950
-3219
-2942
-3536
-4395
-4769
-4576
-4234
-4079
-4144
-4261
-4193
-3817
-3283
-2875
-2635
-2316
-1805
-1371
-1305
-1476
-1483
-1183
-815
-628
-596
-556
-437
-267
-133
-179
-494
-864
-822
-151
718
1067
706
249
445
1322
2166
2340
1978
1789
2232
3015
3443
3172
2528
2098
2152
2498
2791
2846
2713
2594
2693
3023
3328
3342
3159
3172
3521
3817
3627
3118
2883
3104
3267
2858
2078
1553
1502
1563
1411
1219
1349
1816
2256
2330
2040
1662
1443
1320
975
282
-357
-387
103
308
-288
-1111
-1144
-285
457
239
-598
-1057
-690
65
518
316
-501
-1622
-2598
-3143
-3384
-3591
-3712
-3490
-3017
-2767
-2934
-3132
-3002
-2726
-2594
-2460
-2143
-2082
-2836
-3945
-4131
-2986
-1782
-1947
-3173
-3815
-3024
-1676
-1022
-1154
-1262
-903
-413
-210
-293
-467
-656
-827
-908
-913
-948
-965
-737
-220
266
450
520
841
1337
1530
1245
969
1254
1964
2392
2113
1469
1137
1375
1848
2090
1971
1703
1527
1501
1548
1617
1725
1890
2059
2151
2150
2128
2133
2073
1795
1317
901
798
975
1184
1265
1210
980
510
-10
-131
328
944
1172
1048
1012
1111
898
241
-290
-234
18
-206
-807
-1084
-856
-728
-1108
-1619
-1790
-1781
-1946
-2150
-2098
-2006
-2293
-2750
-2727
-2188
-1900
-2361
-3141
-3603
-3751
-3952
-4237
-4377
-4355
-4234
-3832
-3061
-2435
-2562
-3162
-3277
-2612
-1980
-2099
-2548
-2423
-1622
-864
-661
-849
-1062
-1130
-992
-683
-500
-714
-1044
-871
-177
252
-75
-511
-65
1211
2237
2316
1918
1867
2233
2430
2145
1733
1690
2067
2505
2674
2568
2447
2563
2892
3136
3049
2776
2743
3135
3590
3559
2945
2218
1862
1888
1997
2063
2206
2439
2541
2375
2130
2054
2109
2115
2106
2272
2574
2702
2495
2160
1962
1898
1826
1720
1620
1482
1297
1232
1413
1627
1533
1139
811
765
830
775
595
340
-67
-604
-989
-1036
-1006
-1274
-1738
-1943
-1808
-1816
-2283
-2795
-2684
-1900
-1050
-643
-611
-642
-690
-952
-1504
-2155
-2663
-2938
-3010
-2913
-2664
-2316
-1934
-1502
-932
-227
395
639
436
39
-261
-449
-718
-1106
-1376
-1318
-1046
-858
-873
-948
-924
-752
-344
469
1625
2613
2844
2298
1582
1287
1449
1771
2127
2557
2909
2892
2560
2379
2603
2864
2692
2261
2192
2677
3197
3250
2981
2864
3005
3105
2993
2860
2915
3046
2963
2554
2028
1729
1794
1973
1861
1389
983
1057
1436
1560
1241
921
1064
1580
2048
2246
2219
1984
1519
970
569
329
68
-248
-453
-508
-619
-943
-1395
-1841
-2246
-2540
-2589
-2491
-2603
-3050
-3429
-3357
-3101
-3249
-3836
-4254
-4089
-3640
-3462
-3720
-4174
-4481
-4354
-3740
-3076
-3031
-3655
-4109
-3672
-2789
-2536
-3121
-3593
-3174
-2281
-1849
-2111
-2514
-2580
-2336
-1998
-1704
-1575
-1685
-1862
-1817
-1522
-1224
-1053
-876
-611
-387
-275
-132
121
324
376
460
723
990
1090
1256
1772
2380
2562
2399
2544
3184
3575
3052
2036
1475
1543
1550
1125
794
1132
1896
2440
2632
2837
3137
3116
2511
1686
1234
1351
1768
2124
2224
2069
1823
1681
1648
1538
1325
1339
1877
2701
3221
3210
3030
3038
3069
2779
2265
1967
1994
1925
1421
752
442
554
611
279
-159
-189
180
348
-108
-818
-1058
-760
-699
-1489
-2683
-3277
-2990
-2537
-2559
-2806
-2727
-2416
-2393
-2665
-2661
-2167
-1677
-1565
-1480
-1020
-542
-656
-1160
-1199
-564
-99
-522
-1387
-1726
-1348
-910
-861
-933
-792
-648
-896
-1434
-1721
-1422
-757
-227
-152
-443
-664
-394
331
948
959
551
411
856
1415
1459
1024
719
906
1324
1596
1757
2071
2517
2800
2810
2778
2897
3047
3046
2994
3137
3437
3480
2906
1843
896
662
1190
1875
2017
1554
1131
1285
1781
2040
2063
2378
3018
3158
2238
991
670
1399
2020
1692
948
755
1118
1246
822
381
387
575
438
-54
-519
-669
-487
-136
45
-308
-1111
-1696
-1558
-1149
-1424
-2565
-3618
-3663
-2925
-2353
-2389
-2662
-2756
-2731
-2750
-2683
-2395
-2108
-2099
-2228
-2148
-1917
-1932
-2186
-2108
-1399
-660
-710
-1430
-1859
-1487
-962
-1199
-2151
-2901
-2846
-2325
-1995
-1990
-1949
-1654
-1317
-1227
-1331
-1266
-763
18
581
556
82
-338
-377
-175
-50
-74
-79
7
77
80
137
330
524
544
409
296
322
458
623
786
977
1228
1452
1391
822
-76
-733
-736
-291
75
208
431
909
1280
1157
770
738
1231
1722
1691
1275
988
966
833
339
-184
-233
185
557
539
356
420
783
1157
1324
1285
1061
644
150
-237
-527
-854
-1074
-784
-19
393
-361
-1998
-3268
-3248
-2203
-1127
-752
-1122
-1792
-2187
-1988
-1413
-1035
-1176
-1605
-1919
-1976
-1791
-1295
-519
183
458
408
411
603
874
1179
1428
1242
447
-306
-221
252
-281
-2024
-3182
-2260
-338
282
-657
-1063
363
2250
2639
1667
931
1005
1066
704
564
934
1025
299
-463
-291
476
747
371
249
823
1416
1326
832
689
1086
1585
1747
1410
578
-442
-950
-412
800
1662
1622
1157
1035
1347
1611
1572
1462
1483
1453
1184
876
863
1055
998
498
-49
-138
207
459
226
-313
-660
-569
-272
-171
-387
-660
-685
-502
-479
-836
-1280
-1268
-672
-28
-7
-729
-1669
-2199
-2085
-1535
-957
-694
-800
-1008
-1018
-868
-873
-1137
-1334
-1145
-718
-431
-325
-123
195
240
-197
-733
-833
-469
-20
297
490
389
-305
-1387
-2002
-1538
-427
332
351
149
226
355
81
-400
-383
354
1147
1252
761
425
692
1273
1652
1685
1557
1420
1317
1302
1355
1287
986
707
785
1078
1073
664
400
702
1201
1246
830
510
530
549
318
93
197
567
979
1364
1650
1624
1285
1039
1143
1246
916
429
426
875
1021
502
-101
-116
312
557
380
45
-147
-64
308
684
502
-422
-1415
-1654
-1251
-1016
-1180
-1071
-303
439
292
-595
-1344
-1521
-1419
-1365
-1378
-1496
-1819
-2110
-1894
-1214
-809
-1194
-1903
-2044
-1417
-648
-310
-320
-268
-29
149
5
-417
-817
-946
-872
-884
-1101
-1302
-1232
-952
-724
-635
-545
-334
-3
427
869
1046
754
305
334
960
1478
1211
419
-51
125
429
333
-8
-57
409
1098
1505
1270
465
-347
-568
-288
-271
-928
-1583
-1247
0
956
760
-131
-691
-615
-388
-357
-328
-100
148
222
274
495
698
600
378
544
1186
1726
1649
1220
1104
1414
1556
1112
445
110
-16
-488
-1244
-1459
-699
276
411
-269
-791
-681
-547
-1000
-1671
-1799
-1390
-1138
-1378
-1754
-1938
-2058
-2217
-2141
-1641
-1073
-897
-1031
-1026
-744
-476
-423
-454
-411
-327
-250
-113
92
199
50
-317
-722
-940
-767
-235
215
85
-564
-1102
-1080
-713
-428
-302
-212
-190
-203
107
898
1510
1114
8
-476
345
1585
2005
1590
1263
1446
1690
1593
1316
1084
877
800
1150
1781
1976
1394
677
595
954
995
645
595
1113
1540
1269
628
326
441
503
359
340
589
741
500
127
83
392
705
862
1071
1476
1842
1857
1576
1322
1202
1007
649
396
447
494
129
-402
-326
576
1467
1414
566
-97
-38
371
627
732
806
636
71
-527
-772
-947
-1590
-2445
-2538
-1512
-271
129
-197
-273
350
1120
1356
1051
637
406
429
752
1278
1613
1401
817
434
529
754
664
340
238
503
738
561
132
-99
-27
47
-40
-74
69
76
-324
-759
-588
166
758
733
492
565
803
781
647
876
1330
1304
650
99
154
315
-70
-697
-800
-408
-283
-651
-851
-456
27
-32
-491
-868
-1168
-1658
-2160
-2271
-2108
-2153
-2390
-2312
-1867
-1655
-1928
-2073
-1552
-787
-513
-685
-715
-520
-581
-1022
-1387
-1411
-1398
-1592
-1789
-1814
-1841
-1904
-1643
-966
-490
-722
-1201
-1155
-725
-746
-1407
-1983
-2024
-1936
-2088
-2126
-1751
-1500
-2035
-3026
-3527
-3251
-2750
-2423
-2080
-1554
-1031
-591
-55
482
564
169
-13
426
880
611
-34
-74
618
1121
845
333
377
935
1389
1451
1331
1234
1177
1201
1368
1565
1610
1543
1515
1433
1062
546
449
1042
1811
1993
1538
1188
1508
2101
2107
1367
703
835
1389
1427
802
339
543
808
423
-203
-132
578
864
262
-447
-569
-570
-1103
-1673
-1310
-227
306
-188
-746
-517
-32
-223
-864
-899
-64
702
550
-255
-840
-783
-402
-295
-812
-1751
-2402
-2113
-993
111
487
247
-12
7
106
27
-235
-517
-652
-560
-369
-388
-743
-1055
-801
-61
422
120
-565
-770
-239
382
395
-84
-304
176
944
1227
809
286
382
1150
1986
2356
2326
2338
2643
3056
3190
2841
2213
1803
1956
2435
2566
1983
1129
811
1293
2045
2414
2299
2086
2117
2394
2702
2853
2834
2771
2731
2588
2230
1871
1886
2259
2481
2226
1839
1827
2084
2111
1862
1810
2101
2248
1954
1669
1844
2060
1523
268
-799
-1066
-841
-702
-766
-849
-880
-812
-504
-59
32
-492
-1127
-1169
-671
-357
-644
-1238
-1721
-2009
-2097
-1861
-1426
-1313
-1817
-2518
-2780
-2555
-2312
-2356
-2568
-2745
-2785
-2617
-2323
-2283
-2763
-3352
-3316
-2636
-2161
-2432
-2871
-2610
-1789
-1425
-2064
-3105
-3555
-3074
-2156
-1544
-1574
-1898
-1818
-1083
-306
-266
-857
-1175
-736
-107
-30
-392
-518
-196
162
268
315
524
766
821
689
541
565
919
1554
2053
2013
1685
1781
2467
2981
2644
1839
1494
1846
2315
2435
2313
2131
1848
1555
1535
1717
1602
1097
904
1538
2377
2377
1531
853
918
1169
904
264
-173
-289
-380
-538
-631
-714
-925
-1041
-691
-56
149
-389
-1086
-1198
-720
-260
-221
-461
-644
-593
-341
-96
-140
-533
-937
-1003
-896
-1097
-1639
-1914
-1451
-605
-178
-532
-1320
-1983
-2214
-2025
-1687
-1583
-1846
-2097
-1855
-1230
-855
-993
-1153
-903
-674
-1222
-2413
-3157
-2698
-1510
-655
-576
-869
-1007
-873
-638
-425
-208
156
786
1538
1953
1710
1130
911
1274
1686
1599
1201
1089
1370
1535
1235
810
852
1461
2156
2432
2217
1857
1776
2115
2585
2731
2452
2203
2502
3256
3771
3517
2726
2120
2139
2563
2888
2889
2760
2756
2835
2724
2300
1769
1426
1328
1353
1459
1656
1707
1219
236
-515
-360
453
1003
838
448
441
665
529
-68
-616
-763
-741
-885
-1091
-987
-470
167
500
263
-505
-1426
-2037
-2221
-2269
-2393
-2429
-2268
-2282
-2831
-3469
-3285
-2174
-1203
-1327
-2202
-2709
-2380
-1744
-1437
-1558
-1914
-2357
-2719
-2852
-2871
-2984
-2944
-2225
-982
-231
-528
-999
-460
814
1379
716
-15
308
1183
1340
593
-88
-92
168
181
101
281
656
996
1334
1726
1899
1611
1146
1026
1327
1693
1941
2208
2514
2607
2386
2115
2064
2184
2308
2422
2551
2620
2619
2679
2794
2707
2323
2000
2059
2223
1987
1409
1019
957
818
485
454
930
1192
534
-552
-935
-501
-348
-1103
-1915
-1688
-713
-235
-644
-1025
-618
84
124
-578
-1281
-1537
-1576
-1626
-1498
-1113
-934
-1438
-2345
-2849
-2581
-1960
-1551
-1442
-1464
-1662
-2167
-2726
-2835
-2436
-2138
-2472
-3128
-3259
-2495
-1387
-797
-1045
-1755
-2325
-2415
-2121
-1863
-2052
-2679
-3233
-3177
-2518
-1772
-1368
-1267
-1187
-963
-573
-23
530
718
358
-155
-180
366
886
928
810
1098
1740
2149
2081
1943
2140
2514
2669
2524
2248
1893
1458
1187
1398
2003
2556
2853
3133
3577
3913
3801
3369
3066
3080
3170
3046
2661
2134
1650
1477
1809
2442
2780
2401
1606
1221
1741
2716
3084
2194
482
-952
-1459
-1368
-1352
-1524
-1459
-997
-569
-584
-857
-904
-564
-90
228
259
-20
-485
-872
-1062
-1276
-1724
-2211
-2437
-2535
-2862
-3272
-3210
-2656
-2373
-2864
-3614
-3840
-3571
-3395
-3460
-3442
-3318
-3425
-3738
-3819
-3616
-3577
-3734
-3467
-2649
-2228
-2927
-3938
-3856
-2633
-1563
-1357
-1282
-556
366
539
-30
-451
-209
316
520
259
-170
-353
-41
644
1279
1588
1736
1972
2224
2350
2568
3129
3669
3489
2528
1525
1097
1173
1523
2183
3015
3449
3236
3009
3446
4221
4511
4309
4355
4810
4931
4330
3664
3602
3796
3569
3098
3106
3653
4038
3892
3665
3830
4175
4135
3463
2389
1407
1010
1294
1684
1421
519
-161
8
650
1002
908
762
742
635
295
-185
-711
-1204
-1429
-1247
-918
-728
-458
131
419
-553
-2450
-3551
-2939
-1877
-2036
-3002
-2915
-1420
-427
-1450
-3466
-4370
-3742
-3000
-3187
-3794
-3879
-3378
-2865
-2650
-2612
-2588
-2518
-2371
-2207
-2176
-2267
-2247
-2020
-1841
-1935
-2107
-2009
-1636
-1229
-832
-313
199
327
9
-308
-203
233
626
786
743
552
338
365
756
1205
1296
1096
1134
1719
2573
3210
3406
3182
2647
2120
2107
2732
3340
3126
2177
1419
1446
1882
2157
2404
3064
3937
4341
4139
3875
3749
3209
2003
960
956
1494
1237
-57
-1116
-956
-233
-116
-482
-230
835
1532
1009
-8
-313
21
-148
-1240
-2289
-2319
-1677
-1397
-1668
-1677
-972
-254
-412
-1252
-1767
-1514
-1128
-1395
-2311
-3302
-3967
-4239
-4139
-3813
-3657
-3926
-4311
-4358
-4241
-4533
-5165
-5330
-4717
-4155
-4461
-5210
-5365
-4785
-4229
-4038
-3763
-3221
-2933
-3134
-3207
-2733
-2341
-2699
-3218
-2774
-1496
-731
-1123
-1748
-1561
-816
-434
-589
-737
-680
-797
-1241
-1594
-1425
-737
254
1327
2101
2145
1540
1018
1187
1814
2191
2097
2019
2394
2985
3192
2835
2350
2212
2403
2582
2643
2797
3096
3223
2969
2681
2841
3336
3577
3360
3128
3205
3236
2739
1900
1373
1448
1831
2162
2335
2309
2007
1526
1149
1041
1153
1418
1736
1765
1171
213
-350
-187
169
95
-289
-497
-500
-624
-823
-737
-453
-574
-1356
-2264
-2631
-2336
-1692
-1120
-1109
-1939
-3064
-3312
-2287
-1139
-1237
-2347
-2970
-2449
-1803
-2158
-3171
-3618
-3051
-2158
-1700
-1710
-1771
-1578
-1117
-602
-344
-460
-652
-495
22
461
463
103
-306
-523
-425
-20
431
517
103
-454
-670
-387
213
883
1406
1617
1554
1538
1837
2279
2409
2067
1597
1443
1683
2038
2234
2269
2361
2678
3080
3219
2947
2555
2440
2611
2698
2421
1850
1271
1015
1330
2045
2398
1706
381
-283
312
1223
1260
625
444
919
1014
179
-668
-502
258
422
-206
-696
-471
-12
84
-65
-76
-6
-174
-654
-1299
-1975
-2465
-2485
-2173
-2210
-2998
-3942
-4095
-3374
-2606
-2436
-2727
-3062
-3232
-3099
-2602
-2163
-2536
-3778
-4856
-4803
-3959
-3445
-3674
-4063
-4153
-4190
-4414
-4473
-3997
-3293
-2969
-3141
-3417
-3485
-3311
-2925
-2445
-2201
-2417
-2763
-2646
-1996
-1358
-1127
-1119
-1023
-851
-678
-321
304
801
760
436
447
851
1071
854
717
1123
1696
1778
1509
1677
2489
3114
2747
1705
1044
1284
1970
2411
2431
2253
2050
1850
1676
1514
1321
1257
1663
2476
2870
2069
506
-442
-125
570
527
-36
-27
793
1486
1396
1029
1059
1252
1033
599
635
1137
1357
952
421
221
99
-336
-903
-1161
-1081
-967
-971
-1114
-1560
-2389
-3205
-3468
-3205
-2956
-2973
-2939
-2583
-2153
-2064
-2366
-2790
-3043
-2909
-2372
-1871
-2092
-3120
-4027
-3771
-2412
-1048
-583
-934
-1444
-1618
-1336
-767
-331
-444
-1030
-1482
-1349
-869
-579
-598
-618
-448
-187
109
522
982
1253
1324
1486
1793
1805
1208
449
309
880
1449
1515
1477
2001
2983
3616
3448
2926
2737
2935
3049
2871
2742
3002
3468
3682
3493
3178
3009
2955
2875
2856
3174
3890
4595
4638
3721
2270
1142
871
1216
1510
1394
1106
1083
1445
1948
2314
2471
2513
2497
2343
1917
1272
731
616
863
1058
908
502
36
-485
-1040
-1322
-1051
-527
-443
-1034
-1782
-2158
-2309
-2679
-3215
-3440
-3267
-3251
-3862
-4819
-5372
-5077
-4147
-3196
-2806
-3151
-3787
-3894
-3009
-1610
-766
-1093
-2153
-2949
-2935
-2430
-2097
-2170
-2302
-2125
-1822
-1953
-2691
-3430
-3359
-2393
-1326
-967
-1311
-1703
-1666
-1328
-1055
-939
-796
-523
-240
-101
-115
-167
-92
302
1106
2081
2718
2717
2366
2229
2462
2673
2520
2190
2053
2069
1904
1578
1576
2162
2914
3228
3106
3078
3370
3525
3015
1994
1148
858
791
439
-143
-384
41
771
1217
1259
1251
1449
1739
1912
1894
1630
1101
594
599
1123
1474
1146
626
710
1204
1079
31
-945
-932
-343
-171
-534
-756
-620
-650
-1159
-1786
-2180
-2445
-2689
-2734
-2602
-2731
-3292
-3790
-3817
-3731
-4048
-4517
-4470
-3846
-3199
-2836
-2608
-2478
-2550
-2542
-2059
-1500
-1829
-3054
-3830
-3180
-1896
-1404
-1807
-2037
-1652
-1365
-1724
-2273
-2400
-2215
-2109
-2021
-1706
-1321
-1210
-1320
-1279
-932
-476
-146
-18
28
315
1086
1989
2244
1666
1105
1337
1896
1750
933
578
1240
2106
2265
1966
1997
2404
2575
2302
2041
2168
2531
2756
2616
2091
1421
1034
1085
1189
1014
917
1426
2251
2545
2205
2066
2520
2760
1987
696
3
128
403
541
953
1750
2279
1988
1178
542
372
480
537
244
-469
-1177
-1286
-882
-812
-1577
-2551
-2794
-2270
-1700
-1456
-1284
-1043
-999
-1283
-1653
-1957
-2324
-2695
-2678
-2165
-1644
-1535
-1607
-1402
-921
-495
-271
-211
-299
-357
2
683
757
-452
-2103
-2574
-1542
-435
-486
-1209
-1395
-928
-749
-1346
-2115
-2214
-1471
-401
270
133
-450
-538
288
1206
1140
341
128
998
1912
1867
1294
1183
1544
1641
1348
1284
1699
2152
2338
2403
2302
1746
1064
1212
2338
3106
2295
547
-403
17
741
858
834
1481
2466
2658
1745
787
976
2189
3075
2590
1227
449
903
1660
1565
893
881
1737
2166
1266
0
-85
1005
1855
1679
1126
949
911
496
-90
-309
-197
-216
-477
-716
-855
-1020
-1129
-1000
-808
-901
-1170
-1183
-985
-1126
-1705
-2043
-1689
-1178
-1224
-1594
-1501
-891
-552
-897
-1364
-1336
-1034
-1012
-1165
-880
-100
374
-137
-1243
-1863
-1441
-509
-3
-245
-740
-887
-616
-249
20
259
474
479
202
-79
-6
409
790
843
687
702
1109
1715
2069
1875
1288
755
572
646
700
574
304
68
119
568
1070
986
138
-764
-892
-426
-377
-1142
-1809
-1351
-110
552
-13
-958
-1081
-246
641
785
250
-317
-398
-24
326
227
-206
-393
-10
496
351
-586
-1609
-1982
-1706
-1296
-1063
-955
-999
-1412
-2093
-2392
-1823
-899
-746
-1724
-2851
-2971
-2249
-1930
-2599
-3321
-2903
-1557
-610
-687
-926
-286
965
1644
1221
346
-175
-310
-473
-784
-1066
-1290
-1531
-1607
-1236
-586
-214
-254
-75
907
2292
2968
2312
827
-426
-807
-461
-6
30
-358
-637
-276
606
1315
1413
1236
1377
1859
2185
2117
1976
2056
2167
2016
1775
1915
2520
3091
3100
2592
2143
2249
2778
3025
2438
1327
670
1015
1767
1883
1206
657
996
1803
2078
1600
1178
1502
2207
2386
1819
1250
1385
1958
2110
1554
956
1028
1617
2014
1928
1669
1447
1064
476
100
204
400
234
-72
-52
98
-198
-811
-953
-504
-366
-1036
-1630
-1129
5
432
-134
-645
-396
71
51
-238
-227
38
178
245
506
758
596
177
5
20
-336
-1056
-1334
-703
204
477
86
-238
29
771
1530
1838
1471
770
535
1136
1888
1806
935
354
775
1688
2150
1929
1495
1241
1155
1119
1110
1129
1191
1346
1551
1644
1650
1890
2451
2758
2213
1193
805
1439
2125
1739
418
-723
-1015
-784
-572
-460
-320
-214
-207
-128
125
277
54
-301
-285
143
526
609
634
789
801
421
-27
-40
271
327
-3
-174
125
371
-60
-897
-1296
-1061
-939
-1559
-2560
-3106
-2929
-2512
-2389
-2633
-2962
-3068
-2835
-2465
-2356
-2638
-2869
-2495
-1607
-887
-732
-820
-761
-757
-1202
-1892
-2149
-1727
-1119
-896
-1093
-1407
-1627
-1669
-1487
-1235
-1272
-1661
-1868
-1370
-486
-157
-798
-1748
-2049
-1513
-783
-493
-610
-567
103
1195
1853
1359
30
-899
-553
572
1210
826
59
-334
-428
-685
-1007
-808
17
745
688
99
-102
535
1379
1375
269
-999
-1277
-512
216
78
-447
-287
663
1327
928
71
-107
550
1175
1197
1004
1122
1345
1110
435
-53
22
302
225
-220
-452
33
1056
1858
1788
930
-2
-374
-179
123
157
-76
-323
-330
-50
257
194
-300
-751
-652
-127
252
322
582
1386
2271
2464
1871
1128
779
818
1061
1506
2140
2698
2841
2456
1671
812
401
844
1838
2372
1752
506
-139
315
1131
1347
904
523
704
1154
1218
689
118
249
1123
1902
1832
1253
1196
1905
2335
1535
50
-701
-227
608
977
1091
1463
1827
1487
450
-433
-490
60
472
196
-764
-1905
-2540
-2357
-1734
-1264
-1006
-567
65
301
-187
-839
-897
-403
-24
-76
-246
-256
-243
-331
-298
78
627
982
961
599
44
-420
-494
-229
-25
-71
-78
172
299
-195
-1165
-2003
-2451
-2666
-2544
-1720
-429
310
-167
-1314
-2122
-2347
-2419
-2454
-2055
-1092
-36
625
861
856
731
665
882
1300
1517
1363
1096
852
364
-401
-780
-189
874
1265
643
-131
-155
498
1183
1662
2205
2892
3216
2550
982
-438
-563
523
1334
670
-730
-960
514
2076
2189
1465
1519
2401
2553
1279
-158
-420
69
8
-826
-1505
-1453
-1080
-1015
-1494
-2489
-3694
-4324
-3714
-2347
-1610
-2169
-3178
-3509
-3178
-2947
-2982
-2766
-2215
-1981
-2394
-2809
-2480
-1690
-1404
-1913
-2374
-1890
-735
-114
-710
-1805
-2101
-1280
-383
-491
-1399
-1943
-1504
-728
-661
-1547
-2684
-3256
-3056
-2490
-2075
-1944
-1786
-1332
-843
-875
-1482
-1918
-1385
52
1521
2186
1860
975
267
339
1154
1980
2164
1911
1895
2160
2035
1325
882
1455
2449
2568
1546
502
499
1371
2200
2428
2179
1837
1709
1905
2224
2313
2120
1989
2078
1999
1415
772
844
1594
2078
1665
889
733
1396
2172
2403
2189
2102
2429
2816
2663
1871
1105
1028
1313
866
-668
-2113
-2077
-833
-93
-804
-1927
-1917
-842
-250
-1083
-2502
-3014
-2260
-1261
-1077
-1620
-1898
-1236
-52
644
424
-163
-402
-329
-494
-1004
-1328
-1128
-799
-865
-1170
-1095
-469
122
-45
-1125
-2609
-3709
-3879
-3213
-2365
-1907
-1815
-1752
-1699
-1902
-2218
-2038
-1077
153
958
1205
1190
1099
1010
1128
1496
1676
1269
628
401
441
-4
-849
-872
557
2237
2550
1660
1239
2107
3238
3406
2831
2561
2899
3218
3040
2559
2173
2077
2344
2889
3296
3164
2750
2827
3676
4543
4415
3152
1596
684
642
981
1125
1001
1014
1410
1829
1791
1527
1762
2507
2669
1388
-624
-1807
-1655
-1162
-1303
-1840
-2006
-1750
-1662
-1959
-2154
-1763
-935
-288
-323
-995
-1691
-1733
-1073
-364
-156
-276
-299
-321
-662
-1016
-701
104
267
-693
-1646
-1304
-147
101
-1180
-2690
-3016
-2388
-2080
-2638
-3441
-3772
-3605
-3282
-2962
-2623
-2265
-1873
-1354
-688
-57
340
538
749
1075
1329
1205
635
-44
-379
-298
-194
-399
-702
-616
-65
493
693
743
1078
1706
2146
1986
1363
859
962
1596
2152
2074
1464
973
1059
1542
1979
2218
2327
2232
1822
1318
1108
1173
1086
685
323
296
423
475
611
1015
1425
1506
1396
1336
1002
-38
-1275
-1603
-942
-592
-1397
-2398
-2221
-1255
-1219
-2639
-4032
-3976
-2935
-2333
-2563
-2863
-2722
-2419
-2236
-2032
-1759
-1700
-1917
-2032
-1850
-1692
-1793
-1881
-1754
-1768
-2156
-2346
-1763
-1032
-1401
-2874
-3942
-3610
-2776
-2841
-3612
-3641
-2433
-1177
-1025
-1590
-1708
-1037
-179
398
774
997
874
530
543
1142
1681
1396
486
-90
138
621
665
425
588
1268
1751
1499
981
1089
1885
2442
2092
1404
1481
2508
3526
3703
3307
3108
3258
3292
3066
3035
3461
3887
3757
3202
2778
2611
2310
1728
1320
1531
2159
2633
2703
2556
2380
2171
1959
1836
1652
1017
-105
-1044
-1076
-360
190
54
-296
-198
175
83
-652
-1351
-1436
-1146
-1029
-1148
-1215
-1211
-1336
-1494
-1402
-1192
-1307
-1669
-1601
-897
-349
-683
-1433
-1593
-1091
-821
-1293
-2080
-2701
-3192
-3501
-3173
-2255
-1778
-2479
-3501
-3360
-2030
-1022
-1270
-1940
-1751
-662
392
821
730
351
-112
-262
167
769
889
591
612
1223
1799
1760
1409
1416
1886
2383
2608
2610
2479
2263
2124
2209
2421
2566
2665
2824
2929
2837
2760
3024
3463
3560
3278
3186
3517
3674
3096
2185
1780
1952
2002
1629
1411
1877
2613
2720
1930
918
543
1023
1800
2071
1451
243
-938
-1765
-2356
-2852
-3123
-3036
-2802
-2787
-3066
-3381
-3495
-3388
-3155
-2929
-2870
-3012
-3099
-2821
-2271
-1969
-2314
-3141
-3917
-4233
-4065
-3692
-3477
-3576
-3777
-3775
-3663
-3904
-4641
-5308
-5257
-4624
-4196
-4446
-5071
-5478
-5371
-4775
-3884
-3119
-2984
-3509
-4006
-3722
-2668
-1532
-833
-463
-59
472
884
850
228
-758
-1573
-1779
-1469
-1090
-835
-475
135
721
1012
1200
1628
2157
2295
1966
1731
2081
2787
3213
3105
2811
2805
3195
3679
3860
3581
3101
2926
3348
4116
4648
4612
4216
3875
3733
3614
3410
3295
3436
3610
3362
2642
2053
2170
2707
2706
1735
542
211
822
1416
1251
620
185
-38
-561
-1483
-2214
-2273
-1905
-1632
-1495
-1117
-402
221
340
25
-391
-752
-1079
-1319
-1405
-1542
-2072
-2920
-3438
-3084
-2160
-1599
-1989
-2973
-3696
-3694
-3272
-3074
-3396
-3918
-4066
-3656
-3108
-2924
-3043
-2949
-2401
-1747
-1350
-1044
-505
137
524
766
1304
2010
2090
1250
362
382
1006
1146
582
294
1021
2241
2995
3094
2976
2834
2566
2374
2667
3335
3757
3679
3540
3703
3877
3667
3293
3266
3590
3796
3689
3560
3650
3804
3841
3891
4129
4390
4342
3986
3754
4004
4521
4634
3955
2956
2552
2937
3144
2202
573
-180
653
1936
2107
1107
232
278
633
350
-573
-1403
-1715
-1732
-1777
-1848
-1762
-1480
-1169
-1043
-1105
-1063
-658
-169
-310
-1368
-2667
-3245
-2979
-2673
-3035
-3969
-4934
-5568
-5746
-5407
-4728
-4282
-4581
-5428
-6012
-5750
-4935
-4439
-4790
-5552
-5670
-4569
-2879
-1847
-1946
-2378
-2154
-1325
-756
-940
-1575
-2233
-2786
-3066
-2738
-1877
-1149
-944
-726
197
1534
2282
2033
1366
919
708
572
657
1084
1568
1786
1812
1833
1754
1532
1592
2335
3373
3861
3615
3300
3413
3669
3631
3377
3170
2938
2577
2409
2774
3355
3517
3268
3269
3754
4010
3210
1453
-321
-1235
-1092
-366
190
109
-395
-720
-636
-510
-621
-673
-352
15
-83
-450
-418
30
81
-721
-1750
-2126
-1818
-1437
-1291
-1196
-1054
-1022
-1133
-1179
-1064
-971
-1126
-1667
-2629
-3742
-4379
-4202
-3819
-4155
-5084
-5410
-4543
-3489
-3512
-4364
-4684
-3886
-2739
-2086
-1881
-1751
-1674
-1633
-1260
-454
115
-201
-972
-1159
-557
-57
-306
-780
-575
337
1166
1420
1456
1822
2450
2757
2463
1987
1912
2233
2416
2224
2115
2573
3309
3568
3152
2708
2888
3599
4262
4500
4374
4175
4185
4438
4565
4186
3591
3575
4291
4809
4443
3950
4426
5272
4633
2169
46
264
1994
2863
2254
1738
2279
2745
1928
625
463
1395
1846
1130
324
444
979
956
552
599
970
615
-743
-1998
-2169
-1759
-1931
-2798
-3327
-2836
-1817
-1113
-922
-981
-1253
-1869
-2640
-3177
-3473
-3880
-4468
-4851
-4850
-4849
-5162
-5366
-4759
-3363
-2038
-1520
-1702
-1972
-1934
-1595
-1120
-722
-681
-1136
-1779
-2047
-1769
-1419
-1475
-1636
-1099
272
1452
1425
622
517
1622
2650
2272
1143
1124
2583
3691
2931
1292
912
2131
3175
2771
1804
1805
2805
3606
3649
3573
3935
4324
4093
3398
3024
3366
3970
4094
3529
2813
2594
2793
2613
1589
399
153
903
1477
1065
351
526
1537
2128
1573
621
396
904
1151
502
-567
-1098
-731
-19
220
-244
-870
-1017
-677
-380
-458
-719
-887
-1004
-1175
-1284
-1290
-1532
-2283
-3163
-3507
-3258
-2982
-2980
-2963
-2763
-2743
-3162
-3665
-3889
-4143
-4879
-5760
-5923
-5111
-3928
-3001
-2489
-2392
-2660
-2842
-2357
-1449
-1152
-1847
-2526
-2199
-1408
-1395
-2108
-2235
-1248
-234
-227
-709
-547
278
845
839
935
1596
2333
2478
2140
1972
2301
2797
2917
2489
1931
1894
2546
3289
3465
3241
3328
3793
3824
2995
2148
2343
3326
3888
3612
3331
3624
3756
2782
1124
187
534
1248
1257
645
316
741
1518
1955
1743
1109
587
608
1058
1306
898
168
-185
-61
-47
-426
-672
-317
150
-92
-907
-1333
-1072
-983
-1711
-2549
-2403
-1446
-942
-1506
-2395
-2712
-2564
-2613
-3043
-3497
-3713
-3707
-3507
-3183
-2998
-3102
-3174
-2811
-2220
-2004
-2223
-2205
-1499
-574
-254
-750
-1580
-2219
-2513
-2578
-2547
-2364
-1765
-645
440
550
-483
-1536
-1367
-144
824
858
679
1162
2002
2230
1686
1275
1735
2689
3180
2860
2362
2505
3329
4066
4084
3646
3503
3831
4041
3721
3296
3372
3803
3960
3732
3614
3787
3752
3105
2168
1518
1291
1289
1425
1642
1671
1373
1117
1319
1711
1644
1109
852
1273
1777
1614
918
405
299
163
-251
-544
-294
245
397
-145
-1028
-1701
-1921
-1832
-1696
-1660
-1709
-1767
-1822
-1949
-2188
-2448
-2634
-2883
-3487
-4462
-5285
-5367
-4784
-4263
-4247
-4280
-3647
-2427
-1433
-1123
-1123
-1044
-1202
-2065
-3310
-4043
-3901
-3404
-3166
-3230
-3284
-3087
-2507
-1570
-706
-542
-1084
-1485
-1069
-296
-137
-643
-848
-177
695
772
82
-402
-2
941
1607
1642
1442
1594
2154
2560
2323
1686
1347
1552
1835
1804
1710
1877
1979
1528
900
1050
2012
2452
1299
-646
-1479
-472
1101
1582
806
-12
79
752
1021
456
-442
-903
-698
-237
-42
-234
-535
-622
-426
-134
0
-117
-337
-435
-433
-658
-1341
-2228
-2785
-2824
-2655
-2557
-2402
-2058
-1863
-2258
-3029
-3479
-3466
-3717
-4712
-5713
-5569
-4350
-3437
-3774
-4661
-4720
-3639
-2388
-1914
-2224
-2723
-2877
-2433
-1538
-893
-1312
-2748
-4129
-4554
-4278
-4019
-3696
-2682
-1182
-359
-756
-1445
-1353
-778
-737
-1225
-1178
-200
695
523
-214
-226
811
1906
2157
1850
1920
2667
3403
3344
2576
1963
2138
2806
3220
3156
3046
3150
3148
2827
2688
3283
4183
4294
3262
1957
1368
1539
1911
2227
2587
2889
2793
2223
1519
1056
953
1123
1319
1222
819
624
1120
1974
2256
1567
561
167
642
1564
2353
2531
1889
832
234
462
797
324
-755
-1368
-1032
-404
-221
-429
-684
-1075
-1797
-2519
-2719
-2449
-2218
-2212
-2153
-1854
-1448
-1060
-724
-626
-916
-1226
-980
-342
-212
-937
-1641
-1437
-751
-629
-1058
-984
-108
394
-536
-2238
-3099
-2557
-1553
-1079
-1044
-822
-304
86
140
141
377
702
722
290
-293
-535
-220
371
730
653
428
404
518
495
431
783
1596
2143
1794
1054
1116
2257
3279
2944
1533
398
232
498
572
638
1061
1538
1502
1043
769
873
948
713
339
-23
-464
-840
-660
162
906
875
325
36
221
432
423
402
351
-226
-1512
-2810
-3216
-2630
-1771
-1358
-1570
-2104
-2448
-2225
-1629
-1410
-2066
-3108
-3512
-2940
-2073
-1647
-1598
-1435
-1102
-1029
-1413
-1868
-1897
-1490
-1123
-1255
-1916
-2729
-3268
-3357
-3062
-2485
-1718
-950
-441
-294
-393
-647
-1133
-1866
-2557
-2793
-2421
-1660
-909
-523
-569
-642
-164
824
1436
958
-56
-351
361
1041
906
578
995
1815
1913
1233
1008
1878
2814
2575
1534
1132
1828
2522
2135
984
202
303
831
1184
1263
1256
1195
961
570
241
186
444
906
1353
1476
1079
421
168
708
1567
1853
1375
949
1316
2134
2459
2017
1440
1254
1223
909
394
81
84
209
304
309
142
-110
-99
298
583
255
-323
-289
476
1164
1265
1189
1271
972
-124
-1126
-749
741
1630
1034
-15
-264
-32
-364
-1082
-943
393
1722
1981
1584
1500
1757
1685
1255
1197
1786
2310
2014
1043
100
-398
-437
-40
725
1483
1790
1652
1470
1438
1347
1057
782
711
648
381
156
417
1135
1783
1991
1880
1677
1379
990
779
931
1137
921
322
-122
-131
-32
-193
-469
-526
-428
-490
-651
-492
37
377
122
-333
-329
100
319
79
-139
28
162
-327
-1233
-1737
-1485
-971
-798
-1006
-1307
-1555
-1686
-1550
-1173
-930
-1052
-1204
-1038
-965
-1679
-2889
-3330
-2370
-948
-348
-572
-659
-228
226
489
1023
1877
2139
1131
-471
-1493
-1823
-2239
-2849
-2751
-1494
-33
388
-178
-553
4
981
1351
742
-259
-730
-280
601
1072
882
583
659
762
258
-661
-1065
-555
174
361
243
567
1376
1923
1757
1310
1229
1547
1771
1525
889
238
-67
46
265
188
-173
-324
107
822
1127
721
23
-324
-142
157
76
-408
-826
-802
-523
-460
-686
-801
-592
-374
-405
-367
74
491
160
-738
-1143
-611
-59
-499
-1563
-2031
-1506
-806
-697
-1008
-1170
-1012
-710
-446
-483
-1135
-2208
-2815
-2295
-1144
-458
-515
-494
243
1157
1213
272
-651
-559
379
1008
481
-803
-1662
-1466
-692
-80
312
802
1224
1122
724
846
1540
1700
655
-559
-450
817
1665
1387
1024
1634
2765
3327
3196
3024
2948
2493
1609
874
588
434
238
352
965
1596
1665
1149
381
-311
-491
236
1409
1653
262
-1516
-1775
-426
709
425
-362
-212
735
1219
814
273
114
-12
-388
-634
-451
-195
-210
-196
152
404
14
-649
-720
-143
261
88
-142
-36
-89
-812
-1716
-1911
-1406
-1083
-1433
-1989
-2087
-1612
-893
-336
-331
-1005
-1873
-2214
-2040
-2080
-2466
-2179
-583
1096
1021
-660
-1757
-970
347
221
-1105
-1682
-776
202
-29
-765
-574
477
999
395
-357
-255
289
180
-707
-1339
-956
-61
273
-250
-838
-598
448
1437
1624
1129
724
984
1696
2134
1878
1280
1029
1279
1420
869
-103
-641
-389
113
279
285
599
979
662
-421
-1310
-1260
-747
-680
-1005
-891
-182
226
-279
-1064
-1159
-613
-274
-519
-901
-978
-829
-681
-601
-738
-1254
-1780
-1548
-498
323
68
-653
-626
129
358
-496
-1377
-1107
-59
381
-369
-1497
-1902
-1343
-505
-291
-988
-1862
-1810
-710
261
187
-196
398
1601
1638
48
-1280
-717
633
498
-1180
-2159
-1202
248
358
-495
-571
567
1583
1405
563
244
728
1236
985
111
-441
84
1264
1784
994
-136
-179
837
1476
914
9
-63
557
882
654
539
920
1394
1565
1608
1742
1725
1260
519
-108
-543
-989
-1575
-2269
-2917
-3176
-2691
-1667
-947
-1099
-1622
-1573
-882
-466
-916
-1668
-1767
-1102
-484
-653
-1487
-2144
-1873
-792
93
-98
-1041
-1482
-786
237
448
-97
-369
73
536
311
-371
-871
-1095
-1402
-1866
-2135
-1954
-1461
-1006
-886
-1143
-1425
-1248
-632
-202
-281
-242
656
1965
2424
1717
1011
1333
2142
2186
1264
336
74
142
19
-139
235
1332
2698
3578
3488
2700
2096
2199
2468
2054
1167
946
1761
2529
2271
1582
1686
2531
2941
2497
2103
2434
2855
2502
1654
1278
1623
2010
1825
1136
441
277
906
1909
2265
1406
86
-433
-23
212
-445
-1422
-1910
-2031
-2333
-2701
-2577
-1997
-1609
-1699
-1877
-1781
-1532
-1354
-1267
-1324
-1673
-2171
-2370
-2140
-1866
-1793
-1600
-1012
-378
-186
-295
-235
-50
-226
-837
-1362
-1395
-1038
-515
65
457
371
-14
-168
-99
-469
-1435
-2067
-1589
-599
-168
-178
325
1329
1762
1398
1427
2400
2896
1509
-691
-1289
151
1515
1172
68
68
1385
2708
3137
2866
2341
1840
1733
2189
2616
2325
1743
1969
2963
3361
2535
1685
2011
2841
2783
2011
1881
2542
2621
1556
657
1073
1965
1827
729
-17
84
341
348
500
866
759
-91
-887
-896
-473
-365
-646
-1014
-1570
-2469
-3205
-3169
-2715
-2798
-3557
-4110
-3886
-3366
-3241
-3535
-3915
-4194
-4172
-3591
-2768
-2621
-3463
-4303
-4097
-3241
-2895
-3195
-3228
-2721
-2500
-2964
-3299
-2863
-2308
-2376
-2433
-1461
-57
14
-1653
-3354
-3518
-2597
-2028
-2166
-2204
-1658
-887
-302
100
345
354
315
545
876
791
352
291
880
1419
1385
1423
2354
3663
4019
3213
2532
2894
3576
3423
2602
2282
2864
3455
3205
2439
2088
2458
2985
3102
2953
3135
3853
4532
4430
3617
3028
3324
3941
3733
2501
1378
1487
2614
3526
3352
2314
1206
547
283
127
14
173
670
1049
763
0
-411
-168
-27
-676
-1549
-1590
-935
-832
-1773
-2740
-2779
-2387
-2571
-3210
-3355
-2777
-2175
-1951
-1767
-1426
-1270
-1479
-1782
-2155
-2932
-3815
-3762
-2573
-1679
-2269
-3321
-2898
-1096
-94
-1014
-2308
-2077
-729
-93
-691
-1351
-1286
-1101
-1452
-1861
-1546
-727
-355
-818
-1482
-1417
-301
1292
2318
2198
1516
1453
2305
2996
2490
1293
835
1551
2378
2320
1746
1697
2430
3254
3575
3536
3574
3764
3796
3446
2938
2753
3041
3327
3087
2566
2574
3271
3708
3069
1937
1558
2066
2335
1674
732
286
22
-737
-1686
-1893
-1263
-716
-859
-1280
-1360
-1090
-769
-525
-482
-871
-1532
-1815
-1502
-1377
-2223
-3576
-4251
-3997
-3776
-4286
-4990
-5031
-4488
-4176
-4464
-4849
-4671
-3928
-3343
-3617
-4543
-5007
-4282
-3242
-3486
-5025
-5812
-4375
-2125
-1737
-3549
-5114
-4617
-3202
-2969
-3875
-4044
-2640
-935
-410
-1015
-1736
-1990
-1897
-1731
-1655
-1700
-1665
-1309
-814
-626
-637
-155
939
1682
1378
807
1092
1774
1346
-240
-1033
290
2412
3124
2334
1974
3069
4339
4186
2987
2463
3275
4260
4122
3105
2530
3038
3876
3976
3319
2828
3075
3579
3564
3010
2506
2265
1834
886
-152
-522
16
973
1614
1551
1034
734
1005
1345
974
55
-286
440
1105
368
-1328
-2213
-1639
-947
-1461
-2622
-2946
-2188
-1515
-1726
-2299
-2368
-1886
-1473
-1558
-1969
-2153
-1699
-889
-645
-1450
-2383
-1980
-295
760
-228
-2158
-2748
-1516
-262
-448
-1264
-995
502
1693
1499
548
59
217
257
-172
-409
263
1501
2203
1859
1168
1103
1697
2175
2137
2053
2419
2919
2840
2103
1426
1472
2176
2964
3371
3328
3055
2827
2804
3020
3488
4164
4740
4736
4089
3454
3470
3842
3685
2851
2231
2440
2846
2542
1785
1598
2092
2196
1264
100
-174
353
689
416
73
98
143
-285
-1006
-1404
-1273
-1060
-1272
-1854
-2220
-1901
-1121
-630
-847
-1309
-1258
-703
-510
-1266
-2446
-3062
-2916
-2754
-3189
-3916
-4186
-3784
-3244
-3202
-3738
-4435
-4883
-4974
-4692
-3904
-2693
-1797
-2169
-3760
-5112
-4777
-3044
-1599
-1423
-1719
-1304
-356
-23
-664
-1387
-1382
-890
-521
-305
64
485
579
395
367
611
788
764
901
1424
1882
1693
1049
824
1509
2582
3185
3185
3210
3632
3951
3517
2597
2190
2694
3337
3286
2883
3102
4000
4497
3892
2871
2510
2798
2840
2275
1722
1704
1815
1349
377
-232
174
1278
2080
1864
878
33
-143
-106
-585
-1434
-1737
-1160
-582
-914
-1782
-2076
-1574
-1198
-1590
-2237
-2370
-2094
-2034
-2260
-2231
-1715
-1154
-1070
-1512
-2205
-2870
-3258
-3229
-2953
-2783
-2791
-2703
-2395
-2109
-1974
-1747
-1395
-1507
-2453
-3365
-2840
-868
770
584
-719
-1152
13
1493
1783
856
-219
-646
-347
416
1154
1188
345
-449
-31
1445
2591
2663
2500
3048
3782
3607
2814
2832
3989
4896
4539
3821
4030
4725
4485
3356
2976
4044
5146
4863
3884
3852
4825
5291
4579
3840
4202
5108
5291
4632
4045
3851
3348
2115
846
463
936
1465
1527
1290
1154
1245
1324
956
-64
-1235
-1579
-807
-35
-628
-2325
-3352
-2749
-1734
-2004
-3320
-3925
-3149
-2290
-2550
-3303
-3236
-2373
-1828
-2009
-2279
-2329
-2682
-3554
-4307
-4571
-4967
-5910
-6499
-5681
-4082
-3437
-4243
-5136
-4882
-3914
-3333
-3313
-3344
-3411
-3858
-4299
-3773
-2206
-903
-1064
-2300
-3104
-2573
-1218
-139
214
309
713
1263
1284
663
289
982
2185
2478
1507
650
1200
2515
2864
1870
1050
1661
2966
3367
2693
2378
3391
4867
5257
4346
3453
3666
4506
4699
3946
3291
3612
4347
4267
3252
2506
2829
3410
2968
1667
1024
1846
3078
3149
1961
872
852
1329
1107
-1
-915
-653
426
993
281
-1070
-1883
-1894
-1899
-2481
-3179
-3293
-3062
-3311
-4055
-4281
-3419
-2338
-2272
-3168
-3852
-3693
-3315
-3481
-3997
-4166
-3834
-3439
-3305
-3445
-3891
-4617
-5145
-4863
-3916
-3215
-3280
-3588
-3456
-3074
-3032
-3207
-2986
-2479
-2538
-3265
-3447
-2188
-466
-65
-1175
-2067
-1347
329
1304
1044
510
685
1450
2023
2012
1745
1750
2135
2522
2570
2491
2810
3548
4030
3815
3458
3771
4533
4718
4099
3740
4412
5330
5273
4473
4297
5138
5733
4969
3430
2484
2435
2422
1896
1348
1445
2080
2592
2624
2455
2586
3082
3354
2755
1526
830
1392
2328
2029
282
-1303
-1362
-507
-294
-992
-1451
-1030
-541
-878
-1638
-1824
-1410
-1298
-1846
-2308
-2005
-1444
-1686
-2833
-3748
-3478
-2522
-2186
-2777
-3089
-2142
-886
-1231
-3342
-4991
-4339
-2536
-2319
-4281
-5969
-5184
-2884
-1740
-2578
-3679
-3492
-2606
-2470
-3240
-3863
-3747
-3289
-2887
-2359
-1598
-989
-751
-418
430
1315
1456
1033
1071
1903
2579
2258
1555
1682
2594
2992
2264
1452
1755
2828
3383
3086
2859
3313
3850
3699
3123
2957
3365
3710
3536
3083
2775
2635
2436
2151
2063
2454
3227
3836
3763
3168
2814
3079
3331
2770
1664
1095
1414
1743
1301
507
179
190
-261
-1251
-1881
-1515
-650
-289
-860
-1943
-2750
-2738
-2067
-1506
-1594
-1929
-1767
-1247
-1261
-1968
-2360
-1844
-1373
-2074
-3418
-3943
-3478
-3250
-3696
-3625
-2185
-487
-257
-1586
-3066
-3706
-3682
-3407
-2971
-2541
-2427
-2532
-2489
-2455
-2967
-3779
-3813
-2765
-1827
-2021
-2601
-2190
-988
-519
-1233
-1745
-921
451
916
460
327
1100
2038
2359
2277
2421
2831
3012
2660
1969
1360
1151
1388
1841
2255
2666
3264
3856
3833
2962
1911
1537
1792
1875
1463
1180
1595
2274
2347
1734
1224
1356
1763
1805
1423
1026
804
558
166
-129
-52
282
439
123
-497
-917
-765
-207
143
-198
-1060
-1784
-1929
-1697
-1545
-1521
-1270
-722
-464
-1119
-2450
-3473
-3568
-3159
-2987
-3051
-2848
-2546
-3048
-4433
-5129
-3645
-855
659
-137
-1317
-668
1143
1447
-679
-3105
-3559
-2511
-2104
-3049
-3941
-3529
-2333
-1590
-1517
-1367
-722
22
360
300
180
232
437
625
662
649
875
1418
1908
1973
1847
2157
3000
3643
3438
2759
2599
3276
3981
3816
2933
2279
2337
2576
2314
1714
1509
1874
2141
1805
1375
1741
2903
3849
3754
2895
2166
1990
2022
1804
1396
1262
1630
2092
1965
1140
372
412
946
893
-112
-1141
-1230
-681
-439
-597
-439
103
95
-908
-1938
-1879
-1048
-698
-1252
-1910
-1959
-1666
-1654
-1979
-2180
-1942
-1476
-1386
-2078
-3063
-3079
-1528
340
573
-972
-2263
-1787
-586
-587
-1690
-2006
-815
332
-108
-1674
-2991
-3769
-4500
-4868
-3908
-1761
4
199
-629
-1110
-676
165
695
600
68
-291
113
1063
1491
779
-166
137
1715
2893
2419
1159
973
2273
3543
3372
2216
1633
2212
2958
2771
1893
1439
1805
2150
1610
528
-5
371
855
695
297
590
1522
1910
1023
-291
-624
114
559
-244
-1543
-1939
-1248
-590
-755
-1280
-1405
-1230
-1368
-1862
-2164
-2080
-2059
-2416
-2770
-2565
-1786
-947
-579
-935
-1889
-2927
-3491
-3540
-3507
-3539
-3276
-2715
-2668
-3583
-4375
-3547
-1453
-199
-872
-2050
-1930
-925
-829
-1947
-2649
-1872
-596
-222
-639
-864
-786
-1138
-2031
-2622
-2345
-1655
-1290
-1354
-1380
-892
268
1765
2761
2500
1182
-72
-377
50
380
196
-241
-434
-32
999
2210
2888
2767
2369
2322
2601
2856
3172
3863
4645
4817
4345
3994
4102
4018
3235
2388
2362
2898
3006
2528
2337
2881
3471
3387
2967
3015
3580
3935
3606
2882
2304
2046
1851
1415
758
261
217
380
252
-64
193
1271
2138
1607
30
-970
-565
283
288
-427
-757
-347
3
-343
-906
-853
-244
-1
-698
-1791
-2230
-1693
-926
-778
-1158
-1285
-881
-579
-903
-1370
-1146
-327
140
-198
-766
-991
-1159
-1733
-2305
-1983
-704
476
602
-123
-708
-550
13
247
-46
-267
245
1297
1942
1655
1034
970
1436
1676
1442
1279
1488
1621
1392
1372
2123
3171
3604
3380
3171
3095
2592
1637
1102
1479
2087
2122
1796
1734
1804
1486
1037
1216
1885
1945
994
80
224
966
1176
781
713
1258
1480
605
-760
-1344
-809
-82
-144
-903
-1421
-1082
-314
-82
-726
-1547
-1728
-1439
-1565
-2312
-2728
-2006
-814
-581
-1574
-2480
-2219
-1469
-1713
-3118
-4220
-3861
-2653
-1995
-2137
-2017
-1022
-62
-384
-1784
-2724
-2246
-1117
-769
-1558
-2581
-3037
-3110
-3331
-3543
-3034
-1594
20
883
913
794
961
1066
619
-159
-606
-665
-1068
-2119
-2803
-1824
522
2312
2162
839
198
891
1855
1950
1336
957
1228
1711
1823
1489
1143
1315
2102
2935
3056
2406
1767
1793
2207
2376
2366
2755
3482
3680
2948
2116
2183
2932
3248
2649
1801
1439
1381
969
128
-454
-217
519
888
556
212
719
1869
2444
1785
783
715
1421
1535
563
-265
236
1438
1779
973
250
434
837
487
-368
-657
45
1122
1837
2067
2084
2050
1901
1512
907
363
239
528
694
236
-667
-1408
-1810
-2230
-2688
-2453
-1016
831
1593
867
-79
89
1028
1241
247
-617
10
1544
2126
1094
-193
-312
365
553
160
324
1418
2233
1689
435
-51
560
1282
1353
1059
951
1032
1023
857
575
165
-217
-235
119
395
387
546
1229
1907
1791
1057
688
1036
1303
781
-57
-260
207
471
50
-536
-662
-535
-797
-1434
-1657
-976
25
345
-142
-523
-101
567
330
-1009
-2349
-2652
-2192
-2032
-2513
-2838
-2263
-1222
-869
-1636
-2674
-2851
-2063
-1219
-967
-895
-296
592
777
8
-662
-315
378
-15
-1574
-2738
-2413
-1491
-1593
-2835
-3732
-3162
-1618
-367
-27
-260
-450
-298
-5
-46
-596
-1110
-838
128
828
727
449
693
963
276
-1133
-1936
-1651
-1327
-1728
-1930
-783
946
1331
92
-844
-85
1181
860
-1074
-2539
-2103
-598
244
-124
-879
-1133
-803
-396
-400
-827
-1147
-833
-96
256
-50
-241
377
1204
1057
-75
-947
-861
-581
-967
-1577
-1482
-823
-524
-718
-607
83
563
293
-134
2
405
375
13
-20
350
582
513
520
686
637
382
498
1194
1920
2289
2589
2891
2484
1090
-71
362
1796
2292
1300
359
583
873
-258
-2101
-2492
-821
1185
1882
1615
1618
2034
2023
1347
844
1254
2248
2857
2552
1703
1122
1217
1585
1549
1149
1280
2489
3928
4054
2434
312
-782
-538
262
917
1333
1608
1693
1568
1353
1032
317
-934
-2240
-2708
-1858
-212
1059
1176
450
-160
-148
63
-215
-1051
-1874
-2165
-1901
-1382
-926
-722
-748
-799
-779
-907
-1352
-1775
-1684
-1235
-1120
-1479
-1589
-1052
-632
-1154
-2081
-2180
-1444
-1163
-1875
-2419
-1710
-486
-245
-1043
-1554
-1138
-595
-652
-815
-353
417
624
179
-195
-73
253
436
540
725
945
1073
973
419
-624
-1560
-1544
-525
600
1213
1763
2742
3390
2469
299
-1077
-350
1238
1414
-158
-1515
-1083
314
794
73
-292
771
2331
2794
2051
1446
1823
2480
2295
1175
-94
-950
-1339
-1177
-364
543
470
-838
-2123
-1952
-556
348
-346
-1855
-2598
-2031
-957
-355
-496
-1087
-1682
-1808
-1218
-314
-11
-806
-2172
-3167
-3451
-3323
-2954
-2163
-1073
-432
-828
-1877
-2623
-2643
-2344
-2197
-2146
-1942
-1682
-1657
-1801
-1683
-1100
-417
-164
-425
-775
-819
-635
-595
-786
-799
-204
811
1532
1509
1073
880
1093
1314
1288
1287
1557
1698
1042
-325
-1325
-962
529
1922
2360
2175
2203
2594
2700
2115
1345
1147
1521
1820
1776
1811
2176
2351
1823
1091
1177
2186
3094
3209
3086
3428
3701
2827
1072
101
760
1773
1489
266
-83
902
1413
-120
-2600
-3459
-1929
55
441
-495
-964
-257
499
131
-954
-1439
-881
-185
-351
-1284
-2064
-2093
-1644
-1362
-1506
-1786
-1790
-1461
-1156
-1284
-1836
-2281
-2079
-1357
-883
-1181
-1848
-2087
-1821
-1761
-2233
-2520
-1897
-903
-814
-1848
-2741
-2420
-1400
-918
-1185
-1304
-796
-298
-522
-1166
-1362
-782
127
807
1056
957
697
426
85
-520
-1230
-1393
-613
528
1060
906
916
1493
1956
1691
1233
1398
1826
1424
222
-360
511
1792
2019
1360
1172
1849
2290
1708
866
845
1390
1400
699
284
774
1567
1912
2021
2458
2915
2452
901
-739
-1500
-1479
-1391
-1557
-1780
-1913
-2031
-2116
-2000
-1689
-1412
-1272
-1166
-1152
-1543
-2419
-3306
-3657
-3525
-3411
-3488
-3347
-2661
-1805
-1505
-1935
-2466
-2431
-1956
-1756
-2130
-2498
-2177
-1392
-1059
-1518
-2005
-1687
-852
-542
-1144
-1958
-2233
-2026
-1727
-1294
-505
309
452
-164
-758
-580
249
995
1144
802
418
302
295
-89
-998
-1759
-1455
-139
1024
1185
890
1130
1680
1383
105
-651
320
2175
3099
2668
2094
2209
2380
1826
1010
861
1192
980
118
-222
654
1716
1508
206
-550
130
1259
1481
985
1076
2083
2660
1559
-567
-1818
-1315
-133
148
-744
-1798
-2162
-1982
-1856
-1979
-2068
-1848
-1312
-622
-37
118
-338
-1175
-1882
-2134
-2024
-1779
-1456
-1102
-1036
-1607
-2607
-3265
-3062
-2362
-1959
-2121
-2442
-2599
-2737
-2898
-2561
-1308
265
950
327
-756
-1294
-1199
-933
-605
-34
549
631
292
289
1004
1833
2019
1667
1481
1725
1959
1715
1001
155
-409
-329
436
1415
2032
2260
2472
2665
2417
1819
1749
2651
3609
3441
2458
2138
3006
3847
3496
2495
2162
2574
2586
1737
994
1216
1794
1602
773
563
1497
2560
2613
1931
1660
2030
1969
678
-1037
-1624
-704
500
755
220
-146
-110
-363
-1227
-1983
-1932
-1571
-1936
-2974
-3442
-2669
-1661
-1797
-2886
-3399
-2599
-1567
-1696
-2804
-3464
-2926
-1969
-1742
-2354
-2976
-2965
-2486
-2118
-2176
-2424
-2313
-1531
-430
226
76
-404
-511
-178
102
86
35
105
21
-378
-689
-471
68
404
517
858
1516
2001
1946
1524
970
209
-661
-1006
-331
934
1906
2355
2751
3236
3318
2820
2436
2794
3441
3449
2809
2473
2953
3607
3606
3022
2480
2128
1629
1040
963
1621
2318
2277
1669
1306
1452
1507
1023
455
465
783
397
-1032
-2492
-2735
-1800
-958
-1140
-1890
-2116
-1579
-1166
-1658
-2642
-3004
-2346
-1507
-1502
-2273
-2885
-2868
-2861
-3655
-4985
-5803
-5676
-5298
-5374
-5507
-4787
-3289
-2231
-2431
-3192
-3287
-2666
-2452
-3219
-4052
-3792
-2662
-1912
-2047
-2243
-1717
-902
-667
-910
-749
30
603
385
-47
166
917
1382
1264
1083
1263
1591
1750
1806
1847
1621
942
192
-46
293
815
1325
1965
2707
3191
3260
3257
3538
3925
3975
3643
3362
3454
3749
3874
3755
3668
3831
4099
4162
3984
3873
4016
4137
3870
3386
3237
3527
3661
3230
2707
2727
2963
2447
1105
159
558
1596
1801
924
188
455
960
426
-1035
-1923
-1261
129
652
-126
-1119
-1285
-987
-1384
-2772
-4144
-4553
-4346
-4546
-5310
-5715
-5176
-4392
-4381
-4981
-5000
-3842
-2337
-1668
-1963
-2421
-2574
-2787
-3399
-3933
-3633
-2582
-1762
-1864
-2396
-2315
-1396
-558
-685
-1466
-1740
-921
309
886
642
343
541
837
516
-385
-1059
-960
-421
-43
166
655
1479
2115
2250
2283
2698
3250
3269
2694
2279
2621
3398
3866
3829
3731
3911
4129
3905
3110
2137
1592
1770
2319
2543
2219
1945
2328
2993
2981
2174
1585
1817
1956
817
-1100
-1978
-1114
96
83
-847
-1256
-781
-487
-1060
-1770
-1677
-1062
-951
-1627
-2339
-2432
-2169
-2267
-3002
-3981
-4625
-4761
-4811
-5326
-6202
-6569
-5827
-4664
-4425
-5362
-6199
-5897
-5188
-5488
-6649
-6973
-5657
-4078
-3860
-4531
-4325
-2965
-2229
-3358
-5119
-5377
-3884
-2355
-1994
-2146
-1677
-648
78
253
346
457
65
-978
-1912
-1977
-1419
-1079
-1172
-1023
-66
1300
2119
1989
1507
1579
2408
3298
3481
3006
2660
2995
3667
3909
3537
3158
3384
4119
4789
5065
5072
5005
4843
4561
4348
4401
4593
4600
4380
4294
4584
4867
4461
3264
2073
1771
2288
2657
2171
1256
938
1557
2335
2331
1591
1025
1188
1539
1195
202
-416
4
804
812
-109
-915
-833
-369
-489
-1235
-1764
-1599
-1198
-1160
-1450
-1728
-2027
-2646
-3519
-4128
-4079
-3537
-3059
-3095
-3536
-3677
-2861
-1398
-517
-974
-1950
-1990
-963
-283
-916
-1993
-2063
-1082
-236
-82
45
639
1075
610
-385
-936
-822
-631
-624
-365
389
1148
1406
1411
1703
2194
2295
1937
1873
2695
3909
4418
3835
2939
2689
3094
3347
2969
2419
2419
2965
3348
3129
2731
2889
3696
4474
4600
4219
3977
4133
4169
3427
1982
675
237
574
1047
1270
1389
1632
1875
1781
1253
587
165
28
-190
-785
-1433
-1442
-763
-426
-1400
-3155
-4104
-3661
-3020
-3403
-4311
-4447
-3835
-3717
-4403
-4650
-3711
-2783
-3372
-5020
-5928
-5508
-4975
-5292
-5759
-5269
-4092
-3544
-4230
-5343
-5672
-4848
-3543
-2710
-2641
-2689
-2058
-869
-84
-215
-647
-665
-619
-1296
-2424
-2800
-2033
-1188
-1220
-1560
-1001
451
1535
1438
737
432
683
932
917
1029
1670
2590
3072
2753
2116
1989
2541
3028
2758
2093
2042
2905
3835
3997
3661
3691
4214
4445
3879
3077
2910
3328
3370
2423
1078
500
1096
2120
2643
2613
2678
3091
3277
2676
1651
1114
1341
1628
1245
372
-198
-71
353
464
150
-190
-198
-7
-74
-599
-1207
-1391
-1162
-987
-1005
-769
-77
361
-261
-1484
-1886
-1046
-437
-1629
-4037
-5423
-4636
-2947
-2225
-2580
-2670
-1940
-1451
-2140
-3174
-2896
-1127
466
544
-145
93
1432
2229
1334
-271
-846
-227
274
112
332
1695
3088
2925
1566
1030
2228
3702
3692
2502
1902
2646
3670
3780
3177
2878
3214
3545
3290
2726
2587
3118
3752
3787
3279
3005
3419
3934
3697
2930
2785
3638
4242
3275
1294
208
805
1798
1732
987
1051
2238
3191
2757
1479
736
941
1253
868
-36
-746
-952
-955
-1164
-1672
-2271
-2718
-2946
-3095
-3330
-3631
-3861
-4064
-4488
-5106
-5299
-4457
-2960
-2101
-2691
-4022
-4684
-4292
-3814
-4106
-4764
-4889
-4466
-4271
-4586
-4824
-4587
-4311
-4425
-4490
-3884
-2962
-2660
-3012
-2996
-2139
-1421
-1932
-3225
-3867
-3399
-2808
-2932
-3258
-2788
-1559
-614
-636
-1167
-1249
-487
628
1270
1114
694
838
1649
2299
2086
1433
1329
1938
2400
2128
1625
1658
2180
2615
2837
3167
3597
3698
3362
3036
3028
3081
2855
2421
2035
1758
1581
1601
1811
2000
2113
2367
2714
2588
1658
547
197
675
1208
1278
1053
744
266
-295
-589
-652
-1015
-1794
-2299
-2038
-1498
-1340
-1391
-1210
-1121
-1678
-2433
-2449
-1964
-2241
-3458
-4116
-3252
-2041
-2070
-2946
-3021
-2000
-1262
-1558
-1950
-1538
-972
-1359
-2512
-3273
-3118
-2531
-2011
-1556
-1112
-851
-837
-882
-835
-680
-381
17
228
102
69
633
1471
1729
1320
1146
1680
2168
1893
1534
2238
3682
4246
3260
2016
2052
3195
4036
3861
3281
3078
3229
3311
3306
3582
4224
4766
4689
4097
3729
4138
4902
4928
3741
2196
1558
2030
2668
2733
2532
2681
3078
3174
2941
2891
3132
3080
2364
1537
1388
1825
1984
1418
658
373
393
2
-948
-1744
-1785
-1422
-1468
-2076
-2631
-2771
-2951
-3643
-4418
-4437
-3717
-3235
-3613
-4322
-4547
-4315
-4192
-4205
-3803
-2872
-2093
-2077
-2653
-3275
-3689
-3855
-3680
-3264
-3075
-3352
-3601
-3260
-2665
-2619
-3078
-3138
-2565
-2399
-3391
-4576
-4354
-2699
-1244
-1114
-1613
-1444
-481
331
420
212
368
946
1492
1653
1539
1567
1998
2583
2807
2559
2352
2636
3115
3171
2863
2924
3616
4141
3640
2442
1735
2057
2672
2610
1875
1267
1269
1572
1709
1715
1884
2165
2202
1988
2003
2478
2857
2450
1520
1137
1764
2490
2127
774
-303
-299
229
309
-142
-426
-208
64
-84
-519
-882
-1244
-1927
-2793
-3193
-2807
-2163
-2013
-2365
-2569
-2330
-2178
-2677
-3506
-3754
-3018
-1846
-1121
-1317
-2305
-3431
-3733
-2646
-810
247
-274
-1490
-1987
-1612
-1395
-1824
-2160
-1772
-1272
-1594
-2511
-2934
-2481
-1843
-1490
-916
350
1653
1845
841
-127
69
1222
2201
2313
1957
1953
2509
3055
3075
2822
2958
3579
4017
3771
3271
3309
3898
4247
3937
3578
3936
4759
5008
4205
3027
2437
2631
3141
3642
4156
4527
4309
3484
2866
3257
4273
4575
3449
1721
750
834
1124
996
814
1119
1641
1647
1026
429
307
363
165
-140
-162
-64
-474
-1507
-2336
-2117
-1125
-525
-947
-1722
-1863
-1495
-1714
-2934
-4050
-3775
-2454
-1760
-2537
-3702
-3702
-2471
-1279
-952
-1070
-976
-778
-927
-1344
-1545
-1434
-1451
-1963
-2864
-3784
-4395
-4507
-4191
-3833
-3762
-3766
-3305
-2295
-1302
-755
-393
148
570
325
-368
-571
143
1094
1463
1392
1616
2238
2521
1994
1226
1160
1918
2670
2676
2123
1788
2073
2620
2840
2583
2150
1790
1466
1133
974
1168
1554
1789
1824
1970
2377
2690
2453
1765
1239
1222
1317
916
83
-426
-122
545
757
406
170
461
780
437
-400
-926
-865
-849
-1421
-2155
-2206
-1490
-804
-762
-1091
-1198
-1130
-1566
-2799
-4063
-4190
-2985
-1624
-1354
-1970
-2115
-1186
-258
-616
-1879
-2461
-1741
-767
-594
-869
-691
-67
352
478
652
536
-641
-2518
-3459
-2601
-1164
-873
-1704
-2189
-1634
-858
-666
-672
-172
629
979
773
682
1173
1971
2492
2425
1843
1094
652
745
1065
1124
971
1196
2057
2990
3318
3168
3183
3446
3306
2443
1571
1603
2400
2938
2685
2233
2342
2846
2981
2514
2015
1993
2226
2136
1519
733
344
678
1494
2040
1732
894
462
754
985
435
-395
-481
156
484
84
-231
194
767
652
176
248
742
567
-585
-1571
-1313
-221
448
168
-544
-1101
-1465
-1787
-1924
-1573
-745
42
147
-484
-1092
-906
-178
68
-529
-1119
-991
-779
-1453
-2523
-2458
-930
543
684
109
117
666
657
-177
-864
-673
6
489
685
792
806
767
990
1582
2137
2300
2253
2241
2068
1594
1288
1605
2120
2106
1784
2034
2790
2804
1492
82
74
1173
1770
1202
478
634
1380
1822
1785
1727
1769
1562
1043
673
789
1170
1395
1303
919
283
-381
-635
-381
-230
-834
-1880
-2301
-1687
-921
-983
-1598
-1767
-1387
-1384
-2060
-2328
-1309
37
-7
-1460
-2470
-1857
-695
-652
-1622
-2087
-1442
-752
-1040
-1842
-1996
-1218
-270
118
-53
-324
-325
-83
-49
-696
-1877
-2775
-2781
-2209
-1735
-1368
-579
616
1416
1290
661
177
-151
-573
-841
-564
-82
-175
-823
-1057
-344
560
649
71
-184
265
806
929
974
1442
2109
2359
2143
2003
2174
2185
1594
760
471
948
1587
1770
1586
1567
1862
2019
1618
884
476
712
1203
1324
937
518
550
919
1041
570
-172
-573
-485
-421
-918
-1827
-2406
-2148
-1396
-981
-1281
-1813
-1859
-1378
-1032
-1250
-1577
-1274
-423
17
-569
-1584
-1946
-1452
-927
-1035
-1501
-1702
-1533
-1260
-851
-86
754
967
425
-56
224
805
619
-541
-1747
-2223
-2281
-2593
-2959
-2484
-929
728
1374
1055
778
1174
1802
1896
1442
1165
1478
1834
1404
275
-420
173
1437
1838
732
-843
-1426
-801
85
600
1061
1781
2267
1987
1440
1614
2470
2804
1849
363
-359
-47
549
927
1332
1988
2501
2375
1726
1116
912
1081
1435
1755
1769
1365
835
630
812
971
761
302
-73
-275
-441
-603
-642
-592
-746
-1278
-1887
-2078
-1798
-1578
-1862
-2347
-2297
-1552
-888
-1146
-2196
-3096
-3189
-2688
-2130
-1672
-1195
-774
-622
-666
-587
-335
-249
-517
-832
-828
-672
-886
-1637
-2502
-3020
-3213
-3355
-3410
-3027
-2140
-1298
-1123
-1547
-1923
-1911
-1858
-2046
-1963
-932
675
1579
1193
390
185
262
-338
-1435
-1781
-1057
-574
-1320
-2258
-1720
15
877
-176
-1728
-1839
-431
1031
1617
1648
1598
1280
379
-887
-1957
-2428
-2182
-1398
-620
-404
-668
-732
-255
259
225
-148
-258
-96
-189
-647
-935
-748
-490
-570
-738
-571
-264
-398
-1051
-1678
-1882
-1864
-1962
-2119
-2060
-1755
-1440
-1240
-1013
-618
-246
-373
-1288
-2617
-3468
-3247
-2311
-1557
-1324
-1038
-115
1109
1743
1497
996
891
1073
1018
599
144
-192
-711
-1674
-2745
-3178
-2553
-1254
-168
118
-163
-291
107
676
924
949
1206
1609
1426
396
-524
-181
1182
2096
1763
1026
984
1340
978
-121
-647
123
1170
1144
302
112
1122
2181
2031
918
84
102
375
239
-70
153
987
1688
1652
1243
1323
2048
2591
2260
1473
1150
1367
1362
883
692
1240
1602
617
-1246
-2205
-1460
-180
220
-79
55
765
978
119
-913
-925
-43
498
-1
-838
-860
19
648
58
-1241
-1758
-856
407
631
-98
-418
354
1291
1246
486
238
952
1847
2167
2101
2136
2123
1508
237
-1075
-1829
-1937
-1657
-1219
-687
-8
819
1547
1756
1320
675
355
327
135
-343
-712
-744
-757
-994
-1067
-558
118
151
-384
-448
446
1313
911
-509
-1453
-1107
-276
-141
-781
-1443
-1844
-2416
-3292
-3785
-3276
-2181
-1523
-1664
-1944
-1659
-994
-677
-974
-1410
-1494
-1351
-1416
-1725
-1845
-1515
-1078
-1075
-1576
-2117
-2282
-2147
-2077
-2217
-2329
-2125
-1653
-1296
-1358
-1681
-1767
-1356
-785
-642
-1107
-1833
-2476
-3021
-3440
-3383
-2604
-1571
-1108
-1351
-1523
-1017
-240
36
-133
40
842
1608
1742
1610
1917
2555
2676
1857
658
-118
-260
-85
141
416
840
1490
2309
2968
3054
2616
2259
2376
2533
2081
1214
760
908
904
340
-10
681
1860
2231
1627
1276
2003
3065
3281
2599
1864
1497
1191
744
369
99
-444
-1417
-2352
-2675
-2330
-1671
-1028
-548
-197
221
766
1021
534
-265
-274
719
1395
642
-641
-663
524
862
-725
-2563
-2490
-895
-70
-939
-1976
-1644
-514
-137
-731
-1115
-635
-62
-348
-1222
-1521
-682
543
942
216
-696
-729
47
590
289
-223
37
1050
1865
1905
1631
1774
2373
2863
2782
2101
1086
178
-164
165
747
1080
1140
1270
1632
2069
2423
2647
2610
2186
1609
1350
1497
1640
1573
1662
2141
2476
2053
1245
1053
1620
1901
1149
72
-105
673
1293
1057
512
494
979
1354
1439
1606
1879
1527
-42
-2199
-3448
-3066
-2061
-2062
-3322
-4402
-4060
-2891
-2465
-3167
-3800
-3430
-2706
-2770
-3542
-3956
-3607
-3230
-3472
-3993
-4107
-3746
-3371
-3295
-3475
-3754
-3984
-4097
-4238
-4574
-4835
-4482
-3613
-3166
-3665
-4300
-4020
-3184
-3078
-3857
-4180
-3281
-2229
-2301
-3007
-2882
-1766
-985
-1274
-1724
-1260
-211
309
20
-284
53
744
1013
502
-390
-896
-620
95
645
972
1570
2588
3423
3561
3359
3391
3359
2467
879
-97
355
1435
1805
1328
1057
1662
2609
2997
2688
2256
2113
2063
1744
1255
1127
1646
2375
2615
2299
2085
2370
2610
2046
883
180
476
1058
886
-90
-907
-738
206
945
724
-260
-1116
-1270
-1098
-1314
-1863
-1953
-1292
-632
-664
-948
-695
-191
-424
-1359
-1729
-943
-142
-547
-1576
-1710
-855
-519
-1511
-2665
-2521
-1397
-857
-1476
-2110
-1531
-48
954
763
122
181
1003
1506
930
-50
-152
761
1480
1217
788
1337
2440
2549
1272
57
197
1150
1661
1751
2429
3691
4176
3199
2022
2273
3699
4473
3625
2244
1983
3005
3983
3876
3120
2871
3478
4110
3909
3091
2568
2711
2985
2880
2627
2583
2398
1492
247
-157
652
1477
993
-506
-1481
-1074
43
794
916
765
498
21
-530
-856
-1030
-1459
-2211
-2795
-2844
-2736
-3163
-4163
-4889
-4485
-3040
-1573
-1092
-1719
-2698
-3182
-3017
-2765
-3012
-3663
-4008
-3557
-2754
-2625
-3566
-4732
-4979
-4328
-3952
-4510
-5104
-4486
-2921
-1971
-2362
-3026
-2749
-1955
-1943
-2767
-3035
-1932
-410
175
-182
-529
-590
-992
-1880
-2322
-1567
-229
432
163
-41
620
1658
1976
1321
593
689
1442
1973
1905
1764
2104
2623
2574
1864
1222
1209
1550
1737
1859
2306
2923
3100
2739
2499
2805
3155
2859
2077
1582
1635
1717
1390
865
536
455
546
945
1681
2315
2380
2047
1857
1835
1383
208
-1137
-1898
-1965
-1756
-1556
-1356
-1192
-1205
-1374
-1537
-1717
-2093
-2590
-2800
-2439
-1679
-898
-339
-101
-241
-695
-1262
-1760
-2035
-1797
-852
311
658
-174
-1198
-1226
-435
5
-223
-149
788
1682
1535
882
951
1689
1917
1395
1323
2294
3033
2180
486
-70
967
2031
1946
1563
2252
3672
4162
3088
1753
1686
2755
3527
3163
2343
2243
3049
3852
3888
3425
3229
3460
3589
3329
3091
3253
3469
3213
2684
2496
2575
2192
1316
1074
2207
3644
3568
1784
67
-73
844
1226
532
-322
-420
74
405
219
-199
-378
-120
317
398
-166
-999
-1435
-1366
-1387
-1939
-2654
-2891
-2620
-2360
-2450
-2899
-3816
-5316
-6839
-7214
-5916
-3914
-2771
-3009
-3791
-4111
-3817
-3385
-3137
-2983
-2749
-2477
-2422
-2784
-3397
-3712
-3278
-2296
-1452
-1132
-1034
-733
-301
-84
-90
-65
-80
-507
-1262
-1604
-1063
-192
122
-60
211
1335
2386
2242
1116
314
519
997
831
332
528
1451
1870
1057
50
387
1926
2939
2491
1697
2009
3027
3109
1893
902
1283
2100
1803
669
426
1574
2458
1593
-172
-840
-41
629
42
-935
-890
36
435
-366
-1521
-1904
-1366
-510
129
290
-167
-1026
-1594
-1372
-820
-925
-1935
-3010
-3344
-3156
-3211
-3679
-4007
-3804
-3326
-2990
-2844
-2768
-2843
-3156
-3435
-3267
-2658
-2031
-1623
-1230
-688
-285
-358
-683
-659
-134
339
233
-237
-386
82
786
1240
1415
1628
2041
2470
2629
2428
2044
1792
1947
2600
3604
4629
5297
5370
4941
4438
4265
4350
4247
3824
3599
4057
4816
4985
4413
3981
4320
4786
4375
3325
2906
3558
4175
3729
2828
2790
3658
4213
3905
3592
3920
4020
2794
882
97
950
1909
1526
322
-204
231
543
91
-477
-453
-200
-441
-999
-1069
-528
-195
-662
-1526
-2054
-2119
-2075
-2047
-1890
-1735
-2060
-3055
-4260
-5031
-5180
-4991
-4810
-4817
-5070
-5502
-5878
-5932
-5589
-4983
-4244
-3443
-2737
-2399
-2570
-3067
-3523
-3684
-3480
-2909
-2015
-978
-100
433
727
1046
1465
1716
1448
682
-92
-407
-360
-446
-783
-782
80
1344
1931
1538
1116
1583
2490
2652
1961
1669
2577
3730
3651
2413
1522
1811
2466
2488
2196
2491
3218
3316
2495
1769
2016
2839
3345
3428
3549
3662
3204
2127
1178
927
1086
1102
976
1094
1472
1621
1130
122
-834
-1169
-789
-229
-177
-729
-1341
-1678
-2084
-2830
-3324
-2803
-1669
-1249
-2047
-3067
-3284
-3052
-3328
-4081
-4455
-4256
-4208
-4588
-4677
-4065
-3651
-4505
-6185
-7078
-6370
-4899
-3935
-3721
-3598
-3085
-2392
-1971
-1923
-1949
-1749
-1401
-1262
-1410
-1346
-545
721
1526
1400
921
862
1110
946
282
-2
861
2518
3870
4220
3792
3289
3225
3648
4281
4823
5185
5409
5412
5020
4349
3909
4054
4460
4467
3905
3285
3130
3417
3767
3897
3747
3458
3418
4028
5109
5773
5308
4122
3349
3502
3942
3856
3293
2865
2721
2374
1554
764
723
1439
2113
1983
1136
378
325
737
866
386
-295
-693
-903
-1309
-1902
-2308
-2468
-2788
-3487
-4188
-4434
-4255
-3919
-3445
-2849
-2651
-3507
-5236
-6715
-7017
-6361
-5697
-5643
-6072
-6492
-6486
-5882
-4839
-3768
-2979
-2415
-1858
-1263
-709
-189
254
311
-251
-1088
-1573
-1651
-1902
-2533
-2835
-2055
-479
870
1433
1525
1647
1898
2134
2251
2219
2145
2350
3009
3667
3581
2716
1916
1847
2254
2618
2988
3575
3996
3741
3184
3210
3838
4154
3833
3709
4277
4561
3446
1514
414
600
902
478
25
497
1552
2126
2009
1906
2173
2342
2001
1431
1103
1031
871
369
-462
-1319
-1687
-1287
-576
-386
-909
-1487
-1674
-1943
-2810
-3771
-3925
-3405
-3214
-3575
-3498
-2459
-1560
-2135
-3774
-4801
-4597
-4326
-5107
-6401
-6883
-6292
-5592
-5483
-5500
-4762
-3123
-1332
-274
-239
-816
-1351
-1514
-1456
-1428
-1442
-1439
-1578
-2004
-2387
-2090
-929
561
1730
2395
2672
2592
2230
1948
2098
2553
2871
2885
2795
2747
2689
2680
2950
3518
4041
4197
3988
3626
3370
3514
4136
4747
4676
4079
3968
4782
5477
4847
3381
2747
3437
4068
3466
2384
2271
3083
3488
2967
2497
2941
3820
4206
4038
3827
3544
2675
1277
177
-95
-23
-426
-1357
-2049
-1898
-1205
-825
-1189
-1836
-2034
-1724
-1576
-1999
-2479
-2276
-1562
-1341
-2144
-3322
-3850
-3442
-2570
-1768
-1371
-1689
-2810
-4208
-5047
-5013
-4487
-3847
-3061
-2120
-1351
-931
-542
9
188
-584
-1857
-2489
-2154
-1746
-1997
-2323
-1621
183
1992
2810
2615
2025
1586
1521
1767
2079
2295
2505
2771
2769
2140
1233
989
1835
3067
3690
3546
3271
3385
3835
4264
4352
3982
3444
3320
3728
3899
3075
1729
1147
1679
2249
1958
1352
1427
2058
2380
2287
2443
2838
2581
1488
780
1424
2529
2420
935
-389
-431
211
333
-218
-657
-597
-546
-1037
-1795
-2065
-1627
-1179
-1607
-2931
-4199
-4539
-4145
-3929
-4310
-4761
-4647
-4050
-3421
-2806
-1959
-1068
-794
-1446
-2536
-3365
-3686
-3603
-3164
-2441
-1762
-1446
-1365
-1163
-911
-1107
-1903
-2704
-2822
-2298
-1706
-1267
-563
735
2168
2832
2404
1578
1340
1913
2629
2836
2661
2614
2669
2258
1295
681
1300
2759
3721
3513
2820
2611
2908
3069
2866
2688
2801
3027
3209
3443
3642
3382
2541
1748
1745
2448
3058
3025
2517
1993
1710
1713
1922
2070
1864
1414
1188
1350
1428
971
278
9
193
165
-384
-843
-512
322
641
-26
-1053
-1600
-1688
-2011
-2815
-3411
-3059
-2084
-1649
-2365
-3527
-4013
-3630
-3079
-2743
-2209
-1238
-567
-1056
-2284
-2749
-1613
268
1331
896
-494
-1941
-2929
-3366
-3413
-3387
-3512
-3661
-3516
-3013
-2429
-1979
-1549
-906
29
1169
2315
3097
3142
2536
1938
1954
2478
2883
2813
2517
2390
2468
2496
2329
2127
2210
2729
3422
3773
3578
3285
3482
4063
4271
3710
2932
2679
2854
2696
1890
1014
813
1371
2164
2634
2550
2057
1565
1408
1458
1265
709
237
219
370
192
-197
-215
206
385
-116
-743
-649
80
462
-112
-1079
-1435
-1009
-683
-1311
-2681
-3739
-3800
-3325
-3340
-4223
-5293
-5626
-4988
-3875
-2924
-2563
-2967
-3907
-4669
-4593
-3816
-3091
-2733
-2216
-1138
-89
15
-793
-1662
-2249
-3097
-4406
-5271
-4810
-3515
-2580
-2142
-1216
466
1583
858
-1125
-2567
-2591
-1833
-1030
-48
1283
2256
2063
1136
818
1635
2596
2548
1689
1226
1748
2539
2646
2150
1979
2590
3359
3504
3222
3373
4071
4228
2939
924
-91
573
1771
2043
1368
902
1307
2004
2113
1568
999
836
858
575
-171
-1015
-1440
-1342
-1151
-1276
-1533
-1439
-1017
-876
-1295
-1720
-1586
-1271
-1587
-2440
-2774
-2076
-1233
-1399
-2466
-3333
-3476
-3454
-3767
-3970
-3435
-2547
-2386
-3240
-4037
-3618
-2202
-1103
-1057
-1368
-958
88
571
-259
-1705
-2475
-2164
-1471
-1145
-1263
-1563
-1914
-2182
-2082
-1581
-1131
-1043
-891
-97
1009
1458
1090
953
1801
2858
2838
1844
1329
2130
3416
3954
3689
3460
3576
3472
2752
1921
1775
2399
3068
3087
2557
2266
2750
3495
3340
1909
371
296
1801
3390
3768
3251
3028
3501
3970
3750
3002
2376
2257
2460
2452
1870
1028
747
1338
1965
1592
433
-319
-232
-163
-683
-1053
-569
-24
-608
-1899
-2403
-1908
-1730
-2360
-2584
-1728
-1177
-2233
-3688
-3413
-1775
-1325
-2983
-4638
-4346
-3081
-2916
-3782
-3862
-2589
-1351
-1145
-1215
-623
121
-65
-1126
-2016
-2180
-2039
-2086
-2226
-2160
-1975
-2093
-2757
-3630
-3951
-3252
-1947
-934
-529
-196
445
891
579
-46
-87
375
358
-407
-861
-94
1304
2061
1911
1725
2148
2845
3138
2855
2389
2246
2604
3092
3053
2320
1566
1454
1589
966
-476
-1488
-1059
298
1317
1567
1599
1800
1893
1604
1155
850
639
320
-127
-596
-984
-1120
-843
-317
-16
-201
-649
-1012
-1202
-1266
-1223
-1219
-1484
-1900
-2008
-1821
-2095
-3171
-3999
-3266
-1401
-326
-984
-2154
-2336
-1833
-1960
-2832
-3226
-2508
-1480
-1024
-946
-703
-477
-787
-1523
-2103
-2336
-2441
-2378
-1850
-1005
-495
-608
-820
-508
219
677
441
-225
-678
-514
70
502
493
359
480
607
209
-497
-512
608
1925
2233
1617
1240
1700
2346
2358
1873
1696
2267
3219
3745
3219
1767
400
217
1215
2184
2117
1377
1065
1524
2065
2099
1883
1954
2311
2503
2278
1859
1672
1917
2346
2407
1759
647
-346
-888
-1041
-915
-576
-262
-242
-375
-281
-112
-502
-1450
-1961
-1420
-713
-1020
-1894
-1750
-274
933
584
-510
-703
216
1017
869
160
-387
-532
-318
160
548
363
-412
-1256
-1775
-2045
-2211
-2243
-2227
-2354
-2426
-1920
-837
86
379
439
624
438
-587
-1744
-1985
-1639
-2051
-3378
-4030
-2911
-1156
-703
-1790
-2895
-2872
-2092
-1447
-1160
-923
-603
-354
-255
-164
143
716
1168
838
-438
-1782
-2018
-1065
-90
-68
-679
-957
-585
-51
165
26
-317
-685
-802
-520
-156
-237
-835
-1476
-1773
-1802
-1775
-1695
-1505
-1282
-1080
-812
-473
-266
-348
-632
-967
-1267
-1399
-1270
-1216
-1842
-3108
-3959
-3457
-2066
-1199
-1497
-2158
-2062
-1053
124
722
574
125
73
675
1269
890
-443
-1536
-1458
-674
-265
-475
-692
-556
-286
17
564
1249
1563
1403
1318
1667
2103
2240
2230
2265
2081
1532
1071
941
444
-1004
-2432
-2125
-4
1983
2226
1249
548
539
549
266
145
525
1190
1787
2010
1455
69
-1217
-1145
285
1595
1605
790
409
825
1382
1577
1572
1575
1441
1043
576
274
158
198
399
569
345
-294
-793
-618
38
436
196
-249
-215
333
676
226
-634
-933
-386
115
-354
-1402
-1738
-863
317
774
591
467
605
751
966
1529
2201
2423
2314
2627
3404
3536
2274
516
-266
-24
-94
-1159
-2230
-2059
-835
187
407
464
1086
1970
2192
1494
754
1041
2393
3733
3998
3213
2300
1967
1986
1632
614
-598
-1367
-1601
-1723
-1953
-1878
-1035
165
605
-139
-1005
-708
347
250
-1979
-4854
-5961
-4649
-2489
-1232
-1104
-1256
-1131
-876
-824
-1078
-1541
-1985
-2132
-1899
-1562
-1525
-1941
-2624
-3224
-3436
-3209
-2834
-2633
-2518
-2163
-1713
-1806
-2534
-2949
-2302
-1371
-1598
-2951
-3754
-3002
-1788
-1701
-2604
-3037
-2375
-1442
-1028
-912
-636
-340
-317
-387
-244
49
375
911
1646
1981
1475
656
365
514
312
-303
-422
357
1093
780
-97
-73
1413
3313
4198
3736
2773
2221
2099
1727
832
236
978
2774
4004
3652
2635
2493
3212
3385
2381
1194
831
955
773
385
387
796
1281
1964
